



















-0.10063,0.00895099,0.994246,-0.0356072,-0.110026,0.00928725,0.99325,-0.035521,-0.119214,0.0157697,0.989983,-0.073975,0,0,0,0,0.0731916,0.710726,-0.699647,-0.00228176,-0.0916904,0.765464,-0.298987,-0.562374,-0.330884,0.749881,-0.259434,0.510772,-0.498107,0.658654,-0.307408,0.472826,-0.101293,0.639306,0.74307,-0.169928,-0.505825,0.777722,0.308237,0.210426,-0.406615,0.616716,0.367194,-0.565238,0.474456,-0.55622,-0.317372,0.603975,0.0365948,-0.679983,0.727399,-0.0847031,0.0422702,-0.632311,-0.014201,0.77343,-0.0681289,-0.63811,0.0384951,0.765959,0,0,0,0,-0.175986,0.617777,0.742771,-0.188868,0.00277174,0.774873,0.0515127,0.630009,0.0935487,0.516806,0.0593219,0.848906,0,0,0,0,-0.119426,0.0123634,0.991373,-0.0525791,0,0,0,0,0,0,0,0,0,0,0,0,0,0,0,0,
-0.102011,0.00885542,0.994101,-0.0357614,-0.111923,0.00921174,0.993034,-0.0356712,-0.121636,0.0154289,0.98964,-0.0746971,0,0,0,0,0.0746659,0.710915,-0.699296,-0.00314316,-0.0865232,0.760972,-0.300499,-0.56845,-0.342201,0.766712,-0.250228,0.482117,-0.490381,0.686062,-0.286912,0.454452,-0.103228,0.639657,0.741898,-0.172539,-0.521005,0.785363,0.30355,0.140058,0.318134,-0.48636,-0.433819,0.68851,0.485705,-0.407146,-0.315512,0.70624,0.0356074,-0.679919,0.727598,-0.0839238,0.0429548,-0.631211,-0.0143812,0.774287,-0.0655481,-0.562614,0.0444544,0.822917,0,0,0,0,-0.176518,0.617886,0.742355,-0.189651,0.0030099,0.775745,0.0515816,0.628927,0.0948112,0.537513,0.0573126,0.835946,0,0,0,0,-0.121848,0.0121868,0.991053,-0.0530833,0,0,0,0,0,0,0,0,0,0,0,0,0,0,0,0,
-0.105617,0.00875212,0.993724,-0.03579,-0.116554,0.00914574,0.992501,-0.0356914,-0.127277,0.015561,0.988931,-0.0746527,0,0,0,0,0.0778311,0.711681,-0.698145,-0.00675895,-0.076434,0.748616,-0.301657,-0.585435,-0.346694,0.779507,-0.251647,0.456997,-0.465033,0.715717,-0.27023,0.445499,-0.108036,0.639956,0.739898,-0.177018,-0.527416,0.786003,0.299762,0.119052,0.296097,-0.441108,-0.448609,0.71868,0.490983,-0.349835,-0.333077,0.72499,0.0326402,-0.679171,0.728767,-0.0809941,0.0431156,-0.628409,-0.0148928,0.776544,-0.0714753,-0.518799,0.0484546,0.850524,0,0,0,0,-0.178523,0.617118,0.74209,-0.191304,0.00333599,0.778025,0.0523196,0.626042,0.0950384,0.53093,0.059025,0.839998,0,0,0,0,-0.127508,0.0121979,0.990342,-0.0530687,0,0,0,0,0,0,0,0,0,0,0,0,0,0,0,0,
-0.108204,0.00859518,0.99343,-0.03627,-0.119233,0.00899755,0.992166,-0.0361723,-0.130019,0.0154526,0.988497,-0.0756959,0,0,0,0,0.0816924,0.713442,-0.695862,-0.010147,-0.0618074,0.742966,-0.30729,-0.5914,-0.324822,0.790681,-0.250572,0.454453,-0.485139,0.704798,-0.275366,0.438262,-0.108093,0.640721,0.739048,-0.177764,-0.543959,0.784076,0.284388,0.091958,0.273315,-0.345157,-0.469675,0.765226,0.454195,-0.251096,-0.374563,0.768349,0.0308696,-0.67924,0.7289,-0.0799104,0.0433866,-0.62639,-0.0153918,0.778149,-0.073183,-0.574382,0.0435628,0.814145,0,0,0,0,-0.180466,0.615851,0.74216,-0.193281,0.00337824,0.779651,0.0528062,0.623975,0.0988805,0.58039,0.0539395,0.806512,0,0,0,0,-0.13027,0.0120238,0.989937,-0.0539485,0,0,0,0,0,0,0,0,0,0,0,0,0,0,0,0,
-0.115097,0.00887888,0.992637,-0.0366967,-0.126519,0.00930085,0.991245,-0.0365921,-0.137661,0.0160339,0.987392,-0.0764841,0,0,0,0,0.0914269,0.710882,-0.697103,-0.0183356,-0.0523929,0.743583,-0.303659,-0.593406,-0.300593,0.807947,-0.241693,0.445478,-0.501346,0.702696,-0.284033,0.417368,-0.110235,0.641486,0.737718,-0.179212,-0.552347,0.784028,0.282285,0.0229917,0.233675,-0.286159,-0.481221,0.794943,0.456106,-0.174354,-0.39009,0.780639,0.023985,-0.677391,0.731515,-0.0738405,0.0446052,-0.621036,-0.0173916,0.782318,-0.0738794,-0.568566,0.0437953,0.818142,0,0,0,0,-0.183278,0.615522,0.740974,-0.196214,0.00337947,0.783982,0.0538605,0.618434,0.10142,0.587975,0.0533359,0.800721,0,0,0,0,-0.137942,0.0123875,0.988858,-0.054573,0,0,0,0,0,0,0,0,0,0,0,0,0,0,0,0,
-0.123046,0.0093876,0.991649,-0.0374734,-0.133515,0.00978295,0.990294,-0.0373721,-0.143622,0.0173709,0.98637,-0.0783961,0,0,0,0,0.0976479,0.713636,-0.693264,-0.0239693,-0.029949,0.716207,-0.311005,-0.624041,-0.320669,0.799759,-0.26111,0.435176,-0.476228,0.715713,-0.289083,0.42118,-0.112361,0.643207,0.735023,-0.182759,-0.52864,0.763268,0.321111,-0.18668,0.266949,-0.370065,-0.377335,0.805859,0.69097,-0.272795,-0.212333,0.634868,0.0176486,-0.677049,0.732478,-0.0690589,0.0454958,-0.614865,-0.0192681,0.787083,-0.0761233,-0.583728,0.042547,0.807252,0,0,0,0,-0.188505,0.613389,0.740166,-0.200933,0.00310729,0.788941,0.0554755,0.611951,0.106772,0.537149,0.0619629,0.834405,0,0,0,0,-0.143946,0.0132729,0.987903,-0.0561356,0,0,0,0,0,0,0,0,0,0,0,0,0,0,0,0,
-0.137025,0.0095826,0.989786,-0.0381531,-0.144309,0.00986324,0.98875,-0.0380816,-0.15114,0.0181083,0.985253,-0.078131,0,0,0,0,0.104465,0.714132,-0.691451,-0.0315935,-0.0153155,0.705482,-0.311538,-0.636399,-0.314501,0.806902,-0.262808,0.425359,-0.49014,0.711332,-0.284415,0.415785,-0.116648,0.642002,0.73468,-0.185667,-0.578367,0.782155,0.227556,-0.0440773,0.418842,-0.369782,-0.317726,0.766083,0.578269,-0.284072,-0.248994,0.723126,0.00791091,-0.677793,0.732677,-0.0609822,0.0469871,-0.603794,-0.020849,0.795481,-0.0743397,-0.505975,0.0484329,0.857973,0,0,0,0,-0.19732,0.609778,0.73878,-0.208424,0.00449362,0.797517,0.0566915,0.60061,0.106209,0.547989,0.06138,0.827442,0,0,0,0,-0.151487,0.0137606,0.986771,-0.0560831,0,0,0,0,0,0,0,0,0,0,0,0,0,0,0,0,
-0.142807,0.00925739,0.988951,-0.0386771,-0.149204,0.00950753,0.988006,-0.0386163,-0.155101,0.0180821,0.984632,-0.0782099,0,0,0,0,0.10487,0.714765,-0.690714,-0.0320651,-0.00304547,0.698209,-0.313674,-0.643508,-0.312281,0.836472,-0.245834,0.377307,-0.506398,0.731023,-0.277949,0.363196,-0.121851,0.639713,0.73442,-0.191173,-0.582434,0.782753,0.217677,-0.0261615,0.432147,-0.355373,-0.317625,0.765555,0.576416,-0.270905,-0.235541,0.734081,0.00299821,-0.677384,0.733415,-0.0569568,0.0475441,-0.599136,-0.0212412,0.798952,-0.0702994,-0.527418,0.0462782,0.845427,0,0,0,0,-0.199683,0.609767,0.737273,-0.211515,0.00517699,0.801003,0.0569857,0.595919,0.105546,0.543793,0.0622166,0.830228,0,0,0,0,-0.155468,0.0136203,0.986141,-0.0563091,0,0,0,0,0,0,0,0,0,0,0,0,0,0,0,0,
-0.152753,0.00979597,0.987436,-0.0392448,-0.15653,0.00994607,0.986845,-0.0392071,-0.159774,0.0185809,0.983867,-0.078309,0,0,0,0,0.106021,0.715313,-0.689908,-0.0333701,0.00743668,0.693339,-0.315086,-0.648033,-0.29766,0.841603,-0.245352,0.378028,-0.523989,0.718575,-0.280695,0.360966,-0.127125,0.63922,0.732438,-0.196907,-0.588001,0.779759,0.21429,-0.0176295,0.451879,-0.37352,-0.303349,0.751177,0.570223,-0.296437,-0.219464,0.734035,-0.00551041,-0.675958,0.735231,-0.049861,0.0476797,-0.591264,-0.0235502,0.804723,-0.064496,-0.613839,0.0419239,0.785674,0,0,0,0,-0.204867,0.609111,0.734912,-0.216604,0.00610631,0.806985,0.058471,0.587639,0.106764,0.553846,0.0613035,0.823467,0,0,0,0,-0.160148,0.0140491,0.985369,-0.0565895,0,0,0,0,0,0,0,0,0,0,0,0,0,0,0,0,
-0.157857,0.00824133,0.986566,-0.0412442,-0.16911,0.00871165,0.984699,-0.0411474,-0.179896,0.0150027,0.980019,-0.0835171,0,0,0,0,0.113756,0.719604,-0.683967,-0.0376718,0.0218547,0.682974,-0.320116,-0.656197,-0.2968,0.839224,-0.25071,0.380469,-0.500912,0.730115,-0.283734,0.368122,-0.146939,0.633572,0.725972,-0.223517,-0.586128,0.777499,0.227909,0.00241434,0.361727,-0.173192,-0.40932,0.819521,0.487219,-0.0983722,-0.368333,0.785666,-0.0107008,-0.67489,0.736328,-0.0472234,0.0482735,-0.586972,-0.0232115,0.807834,-0.0639393,-0.599158,0.0417322,0.796981,0,0,0,0,-0.205738,0.608124,0.734335,-0.220477,0.00552524,0.809967,0.0574575,0.583629,0.107133,0.554066,0.0635975,0.823097,0,0,0,0,-0.18035,0.0112804,0.981657,-0.0607951,0,0,0,0,0,0,0,0,0,0,0,0,0,0,0,0,
-0.166165,0.00788361,0.985211,-0.0410647,-0.176606,0.00831876,0.983393,-0.0409788,-0.186579,0.0142924,0.978821,-0.0830213,0,0,0,0,0.115221,0.71856,-0.684733,-0.0391946,0.0322816,0.675262,-0.3195,-0.664003,-0.272693,0.832845,-0.260415,0.405205,-0.47903,0.724398,-0.317981,0.380351,-0.15522,0.629124,0.725658,-0.231367,-0.59323,0.774893,0.218219,-0.000141792,0.447478,-0.325834,-0.325027,0.766781,0.539653,-0.258153,-0.2466,0.762443,-0.0151773,-0.673854,0.737473,-0.0427219,0.0487065,-0.580133,-0.0230079,0.812739,-0.0618542,-0.59505,0.0408127,0.800265,0,0,0,0,-0.211654,0.606923,0.73212,-0.225493,0.00710627,0.814835,0.0575382,0.576786,0.10431,0.533566,0.068286,0.836519,0,0,0,0,-0.187017,0.0109649,0.980431,-0.0604952,0,0,0,0,0,0,0,0,0,0,0,0,0,0,0,0,
-0.173167,0.00781993,0.983998,-0.041229,-0.183033,0.00823328,0.982211,-0.0411485,-0.192376,0.0149131,0.977714,-0.082726,0,0,0,0,0.116606,0.718244,-0.684724,-0.0410096,0.0479459,0.671847,-0.323115,-0.664771,-0.26747,0.861962,-0.2377,0.359139,-0.509713,0.733813,-0.311712,0.323336,-0.162347,0.624913,0.725592,-0.237999,-0.601052,0.766674,0.192389,-0.118046,0.396852,-0.301604,-0.36262,0.787433,0.536812,-0.21309,-0.244802,0.778779,-0.0197871,-0.672854,0.738499,-0.0386647,0.0489745,-0.574358,-0.0225124,0.816828,-0.0579732,-0.591213,0.041337,0.803367,0,0,0,0,-0.216199,0.605851,0.730402,-0.229598,0.00819582,0.818904,0.0586599,0.570866,0.105914,0.56101,0.0654689,0.818391,0,0,0,0,-0.192837,0.0113295,0.979311,-0.0603003,0,0,0,0,0,0,0,0,0,0,0,0,0,0,0,0,
-0.181697,0.00547771,0.982298,-0.0452365,-0.217974,0.00715033,0.97489,-0.0450024,-0.254125,0.0180397,0.963184,-0.0858621,0,0,0,0,0.153354,0.718924,-0.673534,-0.077346,0.0448552,0.679081,-0.307315,-0.665128,-0.246403,0.838161,-0.247503,0.418943,-0.446812,0.725569,-0.383624,0.356007,-0.218539,0.582706,0.726725,-0.2908,-0.576143,0.789938,0.208606,-0.0232666,0.396203,-0.303106,-0.360752,0.788041,0.552499,-0.206131,-0.219478,0.777228,-0.0251967,-0.675454,0.735968,-0.0384437,0.0489667,-0.567111,-0.0213498,0.821907,-0.0508728,-0.550026,0.04235,0.83252,0,0,0,0,-0.222663,0.598934,0.731162,-0.238957,0.00884456,0.823728,0.0614026,0.563581,0.103639,0.574767,0.0661047,0.809031,0,0,0,0,-0.254878,0.0125282,0.964758,-0.0642083,0,0,0,0,0,0,0,0,0,0,0,0,0,0,0,0,
-0.184893,0.00261957,0.981623,-0.0471547,-0.222,0.00440662,0.973902,-0.0470214,-0.258761,0.013194,0.961736,-0.0890625,0,0,0,0,0.172726,0.714722,-0.671701,-0.0903136,0.0441727,0.67674,-0.295789,-0.672741,-0.257134,0.870564,-0.228346,0.351935,-0.523154,0.731945,-0.304136,0.313159,-0.208116,0.591008,0.727143,-0.280463,-0.57992,0.790245,0.195094,-0.033825,0.371991,-0.224968,-0.389024,0.812203,0.536132,-0.125073,-0.257586,0.794084,-0.0274804,-0.675813,0.735573,-0.0381272,0.0489189,-0.564135,-0.0201197,0.823987,-0.0270706,-0.544736,0.0507699,0.836632,0,0,0,0,-0.223561,0.596523,0.731596,-0.242792,0.00825603,0.825462,0.0621115,0.560969,0.101707,0.583844,0.0647329,0.802864,0,0,0,0,-0.259608,0.00812679,0.963334,-0.0672654,0,0,0,0,0,0,0,0,0,0,0,0,0,0,0,0,
-0.18641,0.000681709,0.981242,-0.0491481,-0.222675,0.0025041,0.973653,-0.049089,-0.258366,0.0114387,0.96167,-0.0911388,0,0,0,0,0.180788,0.714798,-0.668778,-0.095478,0.0558985,0.675144,-0.295307,-0.673683,-0.0425165,0.503265,-0.298627,0.809777,0.195922,-0.331908,0.627816,-0.676238,-0.199704,0.596365,0.727496,-0.274257,-0.588151,0.788593,0.174808,-0.0405253,0.374135,-0.088847,-0.396245,0.833738,0.475411,-0.026544,-0.352272,0.80572,-0.0289113,-0.676231,0.735092,-0.0389362,0.0486362,-0.562664,-0.0188065,0.825039,-0.027338,-0.544823,0.0478191,0.83674,0,0,0,0,-0.223022,0.596583,0.730627,-0.246038,0.00858083,0.826265,0.0620541,0.559788,0.101094,0.604783,0.0629896,0.787432,0,0,0,0,-0.259297,0.00605012,0.963263,-0.0696601,0,0,0,0,0,0,0,0,0,0,0,0,0,0,0,0,
-0.189066,-0.000634145,0.980591,-0.0519207,-0.225073,0.0012796,0.972957,-0.0519088,-0.260283,0.0111697,0.960933,-0.0934634,0,0,0,0,0.192561,0.714436,-0.664465,-0.104827,0.057947,0.665669,-0.293754,-0.683546,-0.0814715,0.605024,-0.300071,0.732984,0.306762,-0.448594,0.551896,-0.632512,-0.191507,0.600415,0.729022,-0.267121,-0.594294,0.780295,0.169318,-0.096364,0.35652,-0.0852922,-0.395519,0.842131,0.497093,-0.00389693,-0.330229,0.802392,-0.031543,-0.677206,0.734037,-0.0398499,0.0481659,-0.560335,-0.0172225,0.826685,-0.0590043,-0.472416,0.0397947,0.878498,0,0,0,0,-0.223034,0.595742,0.729944,-0.250057,0.00815949,0.827757,0.0622167,0.557567,0.101475,0.605629,0.0638173,0.786666,0,0,0,0,-0.261287,0.00536987,0.962533,-0.0723183,0,0,0,0,0,0,0,0,0,0,0,0,0,0,0,0,
-0.193326,-0.00102927,0.979711,-0.0528258,-0.227862,0.000840103,0.972259,-0.0528292,-0.261478,0.0114352,0.960578,-0.0937433,0,0,0,0,0.197114,0.712239,-0.664998,-0.107887,0.0627861,0.664292,-0.29079,-0.685723,-0.154084,0.748346,-0.277364,0.5825,-0.386226,0.592746,-0.49866,0.500819,-0.189492,0.601369,0.729636,-0.264727,-0.584987,0.798109,0.131535,-0.0592586,0.409886,-0.0736184,-0.366574,0.831984,0.522006,0.00110767,-0.289756,0.802216,-0.0343327,-0.677878,0.733368,-0.0383936,0.049035,-0.556699,-0.0169723,0.829092,-0.0595419,-0.467538,0.0391267,0.881097,0,0,0,0,-0.225443,0.595686,0.727952,-0.253811,0.00733961,0.83018,0.0624838,0.553934,0.10144,0.605663,0.0652552,0.786527,0,0,0,0,-0.262507,0.00538123,0.962164,-0.0728103,0,0,0,0,0,0,0,0,0,0,0,0,0,0,0,0,
-0.197458,-0.00110511,0.978804,-0.0543406,-0.229966,0.000706374,0.97168,-0.0543472,-0.261366,0.0119553,0.960321,-0.0965861,0,0,0,0,0.202897,0.712277,-0.66269,-0.111063,0.0611963,0.648186,-0.288709,-0.701966,-0.209246,0.816144,-0.276331,0.462348,-0.290392,0.781492,-0.306633,0.459259,-0.18518,0.59933,0.733694,-0.261162,-0.587238,0.795875,0.112384,-0.0954179,0.414166,-0.068916,-0.353301,0.836,0.516235,-0.00268666,-0.287935,0.80659,-0.0389576,-0.679976,0.731304,-0.036186,0.0501027,-0.55321,-0.0170062,0.83136,-0.0611352,-0.473102,0.0403499,0.877957,0,0,0,0,-0.226515,0.594765,0.727433,-0.25649,0.0062171,0.832538,0.0626504,0.550378,0.104473,0.58352,0.0691703,0.802375,0,0,0,0,-0.262469,0.00554615,0.96199,-0.0751996,0,0,0,0,0,0,0,0,0,0,0,0,0,0,0,0,
-0.202951,-0.000958738,0.977575,-0.0561852,-0.235124,0.000897249,0.97034,-0.0561862,-0.266087,0.0132339,0.958721,-0.0993828,0,0,0,0,0.209049,0.711885,-0.660624,-0.114429,-0.0677571,-0.643839,0.291381,0.704257,-0.155895,0.81723,-0.263333,0.488351,-0.522794,0.647914,-0.343362,0.434737,-0.189562,0.587705,0.741037,-0.263692,-0.581437,0.802337,0.102236,-0.0879487,0.418253,-0.0559394,-0.352523,0.835262,0.519116,0.0123008,-0.279985,0.80745,-0.0443661,-0.682647,0.728621,-0.0337086,0.0519043,-0.548553,-0.0166143,0.834338,-0.0661233,-0.549322,0.0341695,0.832289,0,0,0,0,-0.22826,0.593308,0.726877,-0.259869,0.00662932,0.835638,0.0622131,0.545706,0.105434,0.583231,0.0710201,0.802297,0,0,0,0,-0.26726,0.00646908,0.960465,-0.0777002,0,0,0,0,0,0,0,0,0,0,0,0,0,0,0,0,
-0.210562,-0.000729997,0.975821,-0.0586154,-0.239348,0.00100497,0.969163,-0.0586113,-0.26667,0.0138373,0.958146,-0.103211,0,0,0,0,0.215441,0.713216,-0.656472,-0.118121,-0.0709303,-0.636371,0.288316,0.711952,-0.198371,0.837446,-0.268042,0.432997,-0.303316,0.800955,-0.232873,0.460695,-0.184068,0.590652,0.740683,-0.261987,-0.582705,0.803837,0.0868067,-0.0822503,0.403814,0.022677,-0.383284,0.830369,0.475835,0.0797691,-0.318275,0.816039,-0.0524898,-0.683813,0.727168,-0.0295246,0.0541605,-0.54211,-0.0168812,0.838391,-0.0578356,-0.537871,0.0352509,0.840302,0,0,0,0,-0.230545,0.592012,0.725494,-0.264629,0.00715772,0.839888,0.0620762,0.539151,0.106542,0.575774,0.0723994,0.807398,0,0,0,0,-0.267914,0.00691452,0.960003,-0.0810413,0,0,0,0,0,0,0,0,0,0,0,0,0,0,0,0,
-0.219076,-3.95154e-005,0.973842,-0.0603178,-0.243628,0.00148558,0.967991,-0.0602995,-0.266552,0.0143249,0.957956,-0.105192,0,0,0,0,0.218755,0.714331,-0.653842,-0.119866,-0.0784415,-0.627269,0.280913,0.722127,-0.231299,0.896388,-0.235443,0.295899,-0.328998,0.865303,-0.162492,0.341479,-0.180375,0.592913,0.740132,-0.261005,-0.571949,0.813728,0.0553807,-0.0874895,0.423551,0.0568557,-0.370123,0.824852,0.491351,0.107348,-0.317793,0.803777,-0.0625335,-0.685461,0.725065,-0.0226653,0.0560377,-0.534991,-0.0189185,0.842785,-0.0588478,-0.537701,0.035454,0.840332,0,0,0,0,-0.23327,0.591015,0.723908,-0.268782,0.00726579,0.844598,0.0624149,0.531701,0.108871,0.548213,0.0757437,0.825755,0,0,0,0,-0.26783,0.00723963,0.959849,-0.083095,0,0,0,0,0,0,0,0,0,0,0,0,0,0,0,0,
-0.226477,-0.00056346,0.972016,-0.0623868,-0.247756,0.000805967,0.966811,-0.0623841,-0.267306,0.0130426,0.957567,-0.106975,0,0,0,0,0.223009,0.717083,-0.648761,-0.123158,-0.0804671,-0.615589,0.290277,0.728227,-0.254311,0.949162,-0.179195,0.0480345,-0.497488,0.812509,0.110312,0.283136,-0.17685,0.5938,0.740601,-0.260069,-0.573349,0.807325,0.0306528,-0.136228,0.39872,0.0282895,-0.379328,0.834465,0.519323,0.110074,-0.285477,0.797929,-0.0696405,-0.68602,0.724001,-0.0187036,0.0581634,-0.528543,-0.0188581,0.846702,-0.0595988,-0.536687,0.0345282,0.840965,0,0,0,0,-0.235595,0.590162,0.721961,-0.273818,0.0090103,0.848583,0.0631489,0.525203,0.107556,0.549659,0.0740217,0.825123,0,0,0,0,-0.268589,0.00623305,0.959456,-0.0852432,0,0,0,0,0,0,0,0,0,0,0,0,0,0,0,0,
-0.234616,-0.00069918,0.969951,-0.0644138,-0.252548,0.000494465,0.965438,-0.0644157,-0.268634,0.0124612,0.95701,-0.108685,0,0,0,0,0.227518,0.71885,-0.64459,-0.126467,-0.0864982,-0.618889,0.295904,0.722451,-0.200393,0.927482,-0.216402,0.22976,0.571095,-0.646221,-0.043251,-0.504359,-0.173631,0.596169,0.739533,-0.259857,-0.573217,0.807576,0.028975,-0.135657,0.405874,0.0373342,-0.373777,0.833165,0.539106,0.131446,-0.249786,0.793532,-0.0772139,-0.685543,0.723783,-0.0143968,0.0598595,-0.521547,-0.0200137,0.850885,-0.061215,-0.535322,0.0345689,0.841717,0,0,0,0,-0.238666,0.589963,0.718853,-0.279701,0.0102469,0.85293,0.064409,0.517935,0.10797,0.548373,0.0749483,0.825841,0,0,0,0,-0.26994,0.00567375,0.958895,-0.0872967,0,0,0,0,0,0,0,0,0,0,0,0,0,0,0,0,
-0.244597,-0.000232983,0.967329,-0.0666859,-0.25813,0.00070166,0.963806,-0.0666827,-0.26963,0.0131789,0.956475,-0.110817,0,0,0,0,0.232599,0.719194,-0.641839,-0.129235,0.126202,0.697896,-0.286832,-0.644004,-0.220825,0.851258,-0.169897,0.44467,-0.0290292,0.730476,-0.524559,0.436348,-0.169879,0.59874,0.738502,-0.259359,-0.565252,0.808551,-0.0134042,-0.16296,0.395934,0.0485173,-0.384875,0.832318,0.549398,0.152024,-0.247381,0.783488,-0.0867732,-0.684533,0.723746,-0.00875444,0.0621749,-0.512996,-0.0212555,0.855872,-0.0614034,-0.534428,0.0338352,0.842302,0,0,0,0,-0.243177,0.589298,0.715083,-0.286792,0.00975731,0.858245,0.0661746,0.508862,0.110708,0.547279,0.0768301,0.82603,0,0,0,0,-0.270971,0.0061672,0.958374,-0.0897502,0,0,0,0,0,0,0,0,0,0,0,0,0,0,0,0,
-0.25153,0.000151789,0.965335,-0.0697175,-0.262494,0.000944824,0.962412,-0.0697113,-0.271316,0.0136141,0.955727,-0.113088,0,0,0,0,0.239128,0.719002,-0.638873,-0.13302,0.130997,0.699511,-0.288572,-0.640508,-0.125278,0.568223,-0.245378,0.775383,0.175823,0.746729,-0.337933,0.545238,-0.165698,0.601618,0.73735,-0.258678,-0.560757,0.809236,-0.0311456,-0.172388,0.408904,0.0513941,-0.373135,0.83122,0.564467,0.155695,-0.232086,0.776706,-0.0926642,-0.683728,0.723791,-0.00748747,0.0631943,-0.507124,-0.0220486,0.85927,-0.061452,-0.532832,0.0340351,0.8433,0,0,0,0,-0.24646,0.587722,0.712678,-0.29314,0.0102176,0.861891,0.0671996,0.502518,0.110204,0.531255,0.0787592,0.836313,0,0,0,0,-0.272679,0.00653962,0.957635,-0.0924053,0,0,0,0,0,0,0,0,0,0,0,0,0,0,0,0,
-0.259357,0.000282339,0.963185,-0.0707729,-0.267515,0.000882414,0.960951,-0.070768,-0.273499,0.0134329,0.95515,-0.112722,0,0,0,0,0.240328,0.719717,-0.637124,-0.135361,0.143254,0.663558,-0.30705,-0.667,-0.21896,0.853373,-0.196966,0.430135,0.230802,0.897864,0.107514,0.359181,-0.166483,0.60377,0.73488,-0.260186,-0.55731,0.810306,-0.0447868,-0.17551,0.418131,0.0667085,-0.36758,0.82801,0.561361,0.169044,-0.223485,0.778687,-0.0975663,-0.682587,0.724248,-0.00446945,0.063971,-0.500296,-0.0221434,0.863204,-0.0611688,-0.531492,0.0330213,0.844206,0,0,0,0,-0.251207,0.586187,0.710043,-0.298528,0.0126661,0.865881,0.0687419,0.495343,0.109639,0.536964,0.0780819,0.832798,0,0,0,0,-0.274869,0.00628762,0.957026,-0.0922425,0,0,0,0,0,0,0,0,0,0,0,0,0,0,0,0,
-0.268522,-4.10487e-006,0.9605,-0.0730396,-0.27248,0.000297034,0.959385,-0.073039,-0.274221,0.011799,0.954774,-0.114327,0,0,0,0,0.245537,0.720683,-0.633278,-0.138876,0.152941,0.67751,-0.307116,-0.650591,-0.239881,0.944087,-0.111129,0.196997,-0.499865,0.731655,0.188658,0.423349,-0.161268,0.607666,0.733378,-0.258632,-0.556262,0.808553,-0.0512468,-0.184902,0.418436,0.0723887,-0.365777,0.828178,0.565287,0.174458,-0.22247,0.774934,-0.105252,-0.681357,0.724344,-0.000470914,0.0649001,-0.492289,-0.0234971,0.867691,-0.0609348,-0.530757,0.032799,0.844694,0,0,0,0,-0.255855,0.583145,0.708189,-0.304874,0.0143283,0.870512,0.0701533,0.486911,0.109474,0.531099,0.0791917,0.836468,0,0,0,0,-0.275606,0.00488622,0.956648,-0.0940315,0,0,0,0,0,0,0,0,0,0,0,0,0,0,0,0,
-0.277286,0.000323608,0.95787,-0.0748178,-0.277399,0.000332461,0.957837,-0.0748177,-0.275261,0.011423,0.95437,-0.115235,0,0,0,0,0.248832,0.721618,-0.630314,-0.141614,0.142707,0.651863,-0.314431,-0.675161,-0.223151,0.886272,-0.190387,0.358439,0.218637,0.857278,0.318765,0.340089,-0.158445,0.610777,0.731487,-0.258405,-0.557642,0.801177,-0.0508494,-0.211105,0.431054,0.0786589,-0.341565,0.831468,0.563809,0.170261,-0.213215,0.779532,-0.113585,-0.67984,0.724496,0.00459876,0.0659789,-0.484651,-0.024497,0.871872,-0.0600497,-0.529932,0.0324642,0.845288,0,0,0,0,-0.260253,0.579573,0.707481,-0.309571,0.0157475,0.874904,0.0709979,0.478805,0.11044,0.526972,0.0809238,0.838782,0,0,0,0,-0.27666,0.0045067,0.956234,-0.0951582,0,0,0,0,0,0,0,0,0,0,0,0,0,0,0,0,
-0.284867,6.29398e-006,0.955478,-0.0768922,-0.28159,-0.000257266,0.956449,-0.0768917,-0.275976,0.0107278,0.95398,-0.116811,0,0,0,0,0.253658,0.722054,-0.62716,-0.144793,-0.00918414,-0.666794,0.115639,0.736158,-0.151246,0.86185,-0.182421,0.448399,-0.134404,0.866131,-0.175995,0.448083,-0.153896,0.614066,0.73017,-0.257081,-0.555978,0.798154,-0.0595832,-0.224251,0.434236,0.0749649,-0.335006,0.832821,0.57335,0.16898,-0.199416,0.776498,-0.122709,-0.676587,0.726,0.00979518,0.0669525,-0.477985,-0.026279,0.875418,-0.0595682,-0.529254,0.0309289,0.845805,0,0,0,0,-0.263154,0.576587,0.706929,-0.313924,0.0164857,0.878644,0.0720637,0.471721,0.110057,0.525409,0.0817286,0.839734,0,0,0,0,-0.277411,0.00378149,0.955857,-0.0967759,0,0,0,0,0,0,0,0,0,0,0,0,0,0,0,0,
-0.294337,-0.000234157,0.952503,-0.0781234,-0.286995,-0.000835628,0.954741,-0.0781193,-0.277273,0.00968149,0.953502,-0.117723,0,0,0,0,0.257041,0.72172,-0.625644,-0.147041,-0.00879042,-0.668171,0.118952,0.734385,-0.148465,0.862407,-0.182132,0.448376,-0.131543,0.866667,-0.175678,0.448021,-0.152451,0.614332,0.730401,-0.256649,-0.555209,0.795202,-0.0617321,-0.235767,0.430138,0.0944973,-0.335686,0.832686,0.573688,0.190131,-0.193708,0.772793,-0.132111,-0.674424,0.726242,0.016482,0.0675503,-0.469514,-0.0271968,0.879917,-0.0556742,-0.528142,0.0314268,0.846746,0,0,0,0,-0.267594,0.573396,0.705775,-0.318579,0.0239078,0.883159,0.0665846,0.463707,0.100188,0.526884,0.0851691,0.839704,0,0,0,0,-0.27873,0.00285608,0.955399,-0.0975422,0,0,0,0,0,0,0,0,0,0,0,0,0,0,0,0,
-0.299252,-0.000798814,0.950848,-0.0796034,-0.28976,-0.00159211,0.953783,-0.0795915,-0.277845,0.00836535,0.953129,-0.119485,0,0,0,0,0.261688,0.720947,-0.624115,-0.149117,-0.0106632,-0.669162,0.124407,0.732552,-0.144964,0.863111,-0.181516,0.448416,-0.127963,0.867335,-0.175031,0.448017,-0.149185,0.614369,0.731584,-0.255107,-0.553447,0.794728,-0.0639057,-0.240874,0.435258,0.0862907,-0.326194,0.834687,0.573272,0.180308,-0.184354,0.777729,-0.13872,-0.673438,0.725823,0.0204607,0.0677924,-0.465067,-0.0277195,0.88224,-0.0585229,-0.527207,0.0295389,0.847205,0,0,0,0,-0.268834,0.57167,0.705458,-0.321325,0.0254801,0.885547,0.0634147,0.459496,0.0960943,0.528413,0.0882411,0.838904,0,0,0,0,-0.279334,0.00172334,0.955072,-0.099034,0,0,0,0,0,0,0,0,0,0,0,0,0,0,0,0,
-0.31353,-0.000126854,0.94631,-0.0787167,-0.297501,-0.00145642,0.951471,-0.0787033,-0.279018,0.00834888,0.952827,-0.119164,0,0,0,0,0.260769,0.72107,-0.624313,-0.149301,-0.0106789,-0.669767,0.126225,0.731686,-0.142517,0.863609,-0.18083,0.448518,-0.12542,0.867815,-0.174304,0.448091,-0.151819,0.613204,0.731517,-0.256544,-0.527044,0.80668,-0.124189,-0.236789,0.431552,0.11821,-0.344693,0.825213,0.612717,0.245632,-0.105198,0.743758,-0.147536,-0.6716,0.72548,0.0294104,0.0686157,-0.45221,-0.0298236,0.888768,-0.0580767,-0.526354,0.0309974,0.847713,0,0,0,0,-0.278278,0.570378,0.699251,-0.329055,0.029261,0.892164,0.0659894,0.445906,0.0926056,0.507523,0.0914825,0.851749,0,0,0,0,-0.280506,0.00179678,0.954792,-0.0984144,0,0,0,0,0,0,0,0,0,0,0,0,0,0,0,0,
-0.328505,0.000297415,0.941261,-0.0781826,-0.305487,-0.0016065,0.948981,-0.0781667,-0.28004,0.00789839,0.952585,-0.118731,0,0,0,0,0.259952,0.721507,-0.624178,-0.149182,-0.0192924,-0.671737,0.145531,0.726097,-0.125893,0.866767,-0.176255,0.449221,-0.1086,0.870736,-0.169614,0.448616,-0.154019,0.612049,0.731457,-0.258156,-0.526959,0.805666,-0.120552,-0.242246,0.443115,0.113158,-0.327261,0.826888,0.606277,0.234032,-0.105122,0.752733,-0.163798,-0.66648,0.725972,0.0440364,0.0706772,-0.438608,-0.0333983,0.895272,-0.0565021,-0.485429,0.0330034,0.871824,0,0,0,0,-0.284523,0.569113,0.695226,-0.334392,0.0355374,0.898815,0.0668051,0.431746,0.0918556,0.507781,0.0922515,0.851593,0,0,0,0,-0.281485,0.00165861,0.954532,-0.0981442,0,0,0,0,0,0,0,0,0,0,0,0,0,0,0,0,
-0.331888,-0.000261624,0.940121,-0.0776069,-0.307593,-0.00225807,0.948348,-0.0775745,-0.2808,0.00788136,0.952386,-0.118534,0,0,0,0,0.259375,0.72165,-0.62412,-0.149736,-0.0222238,-0.670528,0.146208,0.726995,-0.126564,0.866687,-0.175849,0.449347,-0.10927,0.870659,-0.169201,0.448758,-0.155752,0.611215,0.731618,-0.258636,-0.547778,0.788113,-0.0733704,-0.270985,0.497195,-0.102075,-0.199043,0.838307,0.595165,-0.0177219,-0.0632063,0.800918,-0.169219,-0.670106,0.720931,0.050815,0.0709297,-0.435362,-0.0341571,0.896807,-0.0541097,-0.44676,0.0352147,0.892322,0,0,0,0,-0.285956,0.567584,0.695798,-0.334578,0.036239,0.90029,0.0671471,0.428552,0.0922081,0.513165,0.0921748,0.84833,0,0,0,0,-0.282267,0.00161361,0.954372,-0.0974503,0,0,0,0,0,0,0,0,0,0,0,0,0,0,0,0,
-0.333985,-0.000989173,0.939421,-0.0770835,-0.30909,-0.00302209,0.947903,-0.0770306,-0.281635,0.0076264,0.952169,-0.118315,0,0,0,0,0.25853,0.722122,-0.623878,-0.149931,-0.0246114,-0.663473,0.127371,0.736868,-0.14988,0.862219,-0.18091,0.448761,-0.132767,0.866529,-0.174356,0.448443,-0.157866,0.609891,0.731907,-0.25966,-0.547065,0.79024,-0.0672837,-0.267793,0.533519,-0.321832,-0.0328044,0.781476,0.579176,-0.230823,0.116709,0.773081,-0.172678,-0.672374,0.717649,0.0554452,0.0712129,-0.43324,-0.0343372,0.897804,-0.0550335,-0.424378,0.0365778,0.903071,0,0,0,0,-0.286774,0.566605,0.696234,-0.334631,0.0364415,0.901214,0.0666615,0.426662,0.0924991,0.516437,0.0925508,0.846269,0,0,0,0,-0.283104,0.00146077,0.954178,-0.0969261,0,0,0,0,0,0,0,0,0,0,0,0,0,0,0,0,
-0.339884,-0.00278466,0.937391,-0.0759593,-0.316812,-0.00464516,0.945438,-0.0758683,-0.290908,0.00809103,0.949412,-0.117999,0,0,0,0,0.256974,0.722128,-0.624207,-0.151202,-0.0249788,-0.662811,0.125895,0.737705,-0.15206,0.86175,-0.181525,0.448679,-0.134965,0.866093,-0.174982,0.448385,-0.172394,0.604414,0.728648,-0.272095,-0.54004,0.794813,-0.0734217,-0.266905,0.44315,0.0890618,-0.294136,0.842122,0.56877,0.171674,-0.166588,0.786942,-0.179508,-0.674193,0.713533,0.0641211,0.072581,-0.427245,-0.033984,0.900577,-0.0536833,-0.424386,0.0357095,0.903183,0,0,0,0,-0.289618,0.564639,0.695898,-0.3362,0.0411324,0.903547,0.0661955,0.421342,0.0978529,0.574468,0.0852856,0.808169,0,0,0,0,-0.292443,0.00169632,0.951448,-0.0960234,0,0,0,0,0,0,0,0,0,0,0,0,0,0,0,0,
-0.349191,-0.00256593,0.934001,-0.0755067,-0.323196,-0.00465566,0.943312,-0.0754067,-0.294372,0.00815977,0.948396,-0.117572,0,0,0,0,0.256332,0.722076,-0.62432,-0.152066,-0.0262008,-0.663886,0.131011,0.735802,-0.14482,0.863326,-0.178852,0.449119,-0.127656,0.867552,-0.172263,0.448757,-0.17769,0.602801,0.727117,-0.27633,-0.537842,0.794542,-0.0742183,-0.271884,0.425838,0.128717,-0.313825,0.838813,0.56158,0.213815,-0.182464,0.778215,-0.186995,-0.672222,0.712777,0.0714073,0.0732441,-0.418558,-0.0352509,0.904545,-0.0535029,-0.415022,0.0356943,0.907535,0,0,0,0,-0.2953,0.563105,0.692516,-0.340781,0.0458919,0.907331,0.0680444,0.412328,0.0971486,0.567969,0.0860476,0.812754,0,0,0,0,-0.295924,0.00174,0.950442,-0.0953166,0,0,0,0,0,0,0,0,0,0,0,0,0,0,0,0,
-0.352767,-0.00228046,0.932647,-0.0756269,-0.326026,-0.00443625,0.942328,-0.0755311,-0.296476,0.00836171,0.947781,-0.11723,0,0,0,0,0.256168,0.722046,-0.624311,-0.152523,-0.0377621,-0.662693,0.144878,0.733772,-0.133279,0.865721,-0.173725,0.450093,-0.11602,0.869746,-0.16705,0.449639,-0.180702,0.601846,0.726137,-0.279023,-0.533331,0.797088,-0.0812751,-0.271299,0.109735,0.655539,-0.517829,0.538591,0.297911,0.689456,-0.510234,0.419,-0.191545,-0.670181,0.71312,0.0750097,0.0736437,-0.415319,-0.0365533,0.905953,-0.0525708,-0.403647,0.0360671,0.912691,0,0,0,0,-0.296871,0.563019,0.691041,-0.342549,0.0460607,0.908869,0.0690617,0.408737,0.0976397,0.565441,0.0870548,0.814349,0,0,0,0,-0.298033,0.0018413,0.949802,-0.0951278,0,0,0,0,0,0,0,0,0,0,0,0,0,0,0,0,
-0.354587,-0.00227674,0.93196,-0.0755848,-0.328189,-0.00440537,0.94158,-0.0754907,-0.299017,0.00815496,0.94704,-0.11678,0,0,0,0,0.255866,0.722121,-0.624239,-0.152967,-0.0407461,-0.662064,0.147504,0.733658,-0.132041,0.865975,-0.173024,0.450239,-0.114772,0.869977,-0.166336,0.449778,-0.184014,0.601517,0.724231,-0.282499,-0.522851,0.80323,-0.100618,-0.267067,0.448905,0.128262,-0.291003,0.835075,0.560896,0.197729,-0.191582,0.780765,-0.193658,-0.669139,0.71334,0.0767846,0.0737112,-0.413594,-0.0366664,0.906732,-0.0546855,-0.430322,0.0348065,0.900345,0,0,0,0,-0.297458,0.563349,0.690064,-0.343464,0.0472728,0.909588,0.068926,0.407018,0.0952457,0.548635,0.0892342,0.825812,0,0,0,0,-0.300549,0.00178236,0.949031,-0.0949083,0,0,0,0,0,0,0,0,0,0,0,0,0,0,0,0,
-0.356721,-0.00190224,0.931152,-0.0755121,-0.330676,-0.00400246,0.940717,-0.0754299,-0.301867,0.00858755,0.946175,-0.116429,0,0,0,0,0.25556,0.722011,-0.624349,-0.153549,-0.0407333,-0.662117,0.147696,0.733572,-0.130642,0.866248,-0.172331,0.450387,-0.113298,0.870239,-0.165609,0.449913,-0.187826,0.601194,0.722003,-0.286353,-0.48881,0.819554,-0.166082,-0.248623,0.470847,0.137021,-0.287168,0.822838,0.590573,0.239197,-0.106604,0.763311,-0.195522,-0.668073,0.71366,0.0783534,0.0737353,-0.411661,-0.0370771,0.907592,-0.0561316,-0.472596,0.0314532,0.878927,0,0,0,0,-0.29879,0.563606,0.688594,-0.344835,0.0470675,0.910535,0.0692273,0.404869,0.0947848,0.551686,0.0896118,0.823789,0,0,0,0,-0.303403,0.00211649,0.948148,-0.0946497,0,0,0,0,0,0,0,0,0,0,0,0,0,0,0,0,
-0.363069,-0.00193056,0.928487,-0.0780353,-0.342299,-0.00366814,0.936343,-0.0779729,-0.318545,0.00917167,0.94032,-0.119344,0,0,0,0,0.262208,0.722366,-0.619666,-0.159526,-0.0406958,-0.662118,0.147654,0.733582,-0.12993,0.866388,-0.171937,0.450476,-0.112521,0.870377,-0.165187,0.449995,-0.199513,0.606728,0.704837,-0.308676,-0.487005,0.819455,-0.165207,-0.253032,0.468522,0.158548,-0.288927,0.819678,0.583859,0.249309,-0.136806,0.76042,-0.203068,-0.664044,0.715036,0.0808239,0.073879,-0.405953,-0.039398,0.910051,-0.0540782,-0.43421,0.0340357,0.898542,0,0,0,0,-0.300417,0.564297,0.684128,-0.351123,0.0452424,0.913317,0.0724549,0.398189,0.0953237,0.559826,0.0892787,0.818253,0,0,0,0,-0.320256,0.00177128,0.942239,-0.0980763,0,0,0,0,0,0,0,0,0,0,0,0,0,0,0,0,
-0.363966,-0.00263572,0.928019,-0.0793863,-0.342197,-0.00448868,0.936265,-0.0793031,-0.317424,0.00846532,0.94066,-0.119703,0,0,0,0,0.26562,0.722525,-0.617443,-0.161764,-0.0454289,-0.66071,0.150552,0.733984,-0.127064,0.866979,-0.169852,0.450946,-0.109579,0.870919,-0.16305,0.450453,-0.194215,0.609236,0.70572,-0.305077,-0.487456,0.818657,-0.164062,-0.255484,0.476427,0.13902,-0.2746,0.823581,0.589616,0.226535,-0.130413,0.764217,-0.20594,-0.663049,0.715076,0.081375,0.0730202,-0.40516,-0.040639,0.910419,-0.0541008,-0.435173,0.0349837,0.898039,0,0,0,0,-0.29925,0.563902,0.684489,-0.352048,0.0459202,0.913648,0.0725372,0.397337,0.0919826,0.53366,0.0920117,0.835631,0,0,0,0,-0.319175,0.000700709,0.942513,-0.0989704,0,0,0,0,0,0,0,0,0,0,0,0,0,0,0,0,
-0.366295,-0.00244939,0.927011,-0.08045,-0.344768,-0.00430843,0.935231,-0.0803719,-0.320213,0.00816958,0.939619,-0.120469,0,0,0,0,0.258471,0.734748,-0.605642,-0.162901,0.00383638,-0.576557,0.117769,0.808516,-0.52603,0.785178,-0.304042,0.119776,0.969316,-0.115575,0.197692,-0.0893625,-0.199365,0.611372,0.697501,-0.316181,-0.486263,0.820094,-0.163466,-0.253521,0.47308,0.141717,-0.278428,0.823766,0.573523,0.224506,-0.143705,0.774608,-0.209829,-0.660434,0.716204,0.08277,0.0722701,-0.403116,-0.0415223,0.911345,-0.0529222,-0.436459,0.0355496,0.897463,0,0,0,0,-0.299203,0.564135,0.683461,-0.353709,0.0474275,0.914559,0.0727003,0.395027,0.090148,0.521677,0.0935268,0.843195,0,0,0,0,-0.321988,0.000319574,0.941454,-0.0999391,0,0,0,0,0,0,0,0,0,0,0,0,0,0,0,0,
-0.367154,-0.00291217,0.926597,-0.081281,-0.344241,-0.00491143,0.935352,-0.0811847,-0.318335,0.00702271,0.940204,-0.120957,0,0,0,0,0.261454,0.733726,-0.605417,-0.163576,-0.0175901,-0.582323,0.141014,0.800441,-0.567139,0.795623,-0.212813,0.00694928,0.863678,-0.450476,0.22316,-0.0364822,-0.1944,0.612537,0.699837,-0.311826,-0.48729,0.818888,-0.161187,-0.256884,0.469766,0.151692,-0.281551,0.822823,0.568571,0.233028,-0.148373,0.774861,-0.212187,-0.659505,0.716274,0.0835589,0.0724212,-0.402315,-0.0422064,0.911656,-0.0532341,-0.440004,0.0356444,0.895707,0,0,0,0,-0.298434,0.564136,0.683407,-0.35446,0.0473154,0.914934,0.0725722,0.394197,0.0899075,0.518589,0.0940887,0.845061,0,0,0,0,-0.320122,-0.000814259,0.94202,-0.100593,0,0,0,0,0,0,0,0,0,0,0,0,0,0,0,0,
-0.369659,-0.00311872,0.925543,-0.0819305,-0.348109,-0.00501669,0.933862,-0.0818362,-0.323527,0.00669738,0.938303,-0.121959,0,0,0,0,0.263472,0.733245,-0.60471,-0.165107,-0.0190291,-0.583019,0.142453,0.799646,-0.567269,0.796766,-0.208239,0.00255187,0.84377,-0.491737,0.20738,-0.0569246,-0.196705,0.617282,0.691523,-0.319479,-0.49064,0.815999,-0.15809,-0.261584,0.471496,0.146399,-0.277099,0.824303,0.563221,0.226844,-0.145012,0.781214,-0.216775,-0.658536,0.715412,0.0867446,0.0729745,-0.399902,-0.0420653,0.912679,-0.0542055,-0.438567,0.0357429,0.89635,0,0,0,0,-0.29846,0.563469,0.683563,-0.355199,0.048108,0.91597,0.0719249,0.391805,0.0873053,0.501793,0.0958653,0.855214,0,0,0,0,-0.325352,-0.00118484,0.940116,-0.101624,0,0,0,0,0,0,0,0,0,0,0,0,0,0,0,0,
-0.369796,-0.00327437,0.925395,-0.0829762,-0.346868,-0.00531916,0.934231,-0.0828702,-0.320923,0.00598451,0.939081,-0.122881,0,0,0,0,0.266267,0.732807,-0.603848,-0.165722,-0.0192015,-0.583559,0.142228,0.799288,-0.542599,0.792713,-0.264647,0.0845821,0.829511,-0.476979,0.262365,-0.12477,-0.191048,0.618249,0.694529,-0.314482,-0.487773,0.817807,-0.161686,-0.259087,0.474258,0.146566,-0.275058,0.823372,0.557422,0.22899,-0.137664,0.786062,-0.218412,-0.657126,0.716256,0.0863688,0.0731574,-0.399857,-0.0425597,0.912661,-0.0547553,-0.419081,0.0367959,0.905549,0,0,0,0,-0.297307,0.563789,0.683479,-0.355819,0.0475455,0.916076,0.0719799,0.391616,0.0868143,0.498048,0.095678,0.857471,0,0,0,0,-0.322763,-0.00187138,0.940905,-0.102556,0,0,0,0,0,0,0,0,0,0,0,0,0,0,0,0,
-0.368901,-0.00369936,0.925707,-0.0834571,-0.345547,-0.00579325,0.934676,-0.083338,-0.319194,0.00530508,0.93965,-0.12306,0,0,0,0,0.267604,0.732631,-0.603402,-0.165967,-0.0198011,-0.586788,0.142007,0.796945,-0.55072,0.799854,-0.233811,0.0476778,0.811325,-0.507251,0.290597,0.00110684,-0.187681,0.618817,0.696371,-0.311301,-0.488695,0.81643,-0.159498,-0.263021,0.471884,0.154946,-0.276416,0.822746,0.555024,0.234513,-0.145199,0.784774,-0.217556,-0.658963,0.714931,0.0855042,0.0736028,-0.400614,-0.0418872,0.912325,-0.0548985,-0.431233,0.0351922,0.899881,0,0,0,0,-0.296624,0.563285,0.684294,-0.355621,0.0465952,0.915802,0.0707139,0.392601,0.0877727,0.498368,0.0967248,0.857071,0,0,0,0,-0.321035,-0.00252892,0.941461,-0.102864,0,0,0,0,0,0,0,0,0,0,0,0,0,0,0,0,
-0.369606,-0.00307266,0.925328,-0.08456,-0.344971,-0.005311,0.934792,-0.084449,-0.317427,0.00504046,0.940168,-0.123689,0,0,0,0,0.269066,0.732683,-0.602519,-0.166583,-0.0201406,-0.588271,0.141784,0.795882,-0.537603,0.799888,-0.254043,0.0813902,0.811132,-0.456978,0.356022,0.0805219,-0.184054,0.619733,0.697982,-0.308021,-0.489693,0.814535,-0.156489,-0.268784,0.470807,0.161946,-0.27437,0.8227,0.551421,0.240991,-0.142715,0.785806,-0.220418,-0.656976,0.715816,0.0860627,0.0733646,-0.400174,-0.0421931,0.912523,-0.0583956,-0.448036,0.0348543,0.891425,0,0,0,0,-0.295718,0.563836,0.683916,-0.35623,0.0456109,0.916189,0.0711443,0.391733,0.0890019,0.511191,0.0955672,0.849488,0,0,0,0,-0.319263,-0.00262917,0.942013,-0.103325,0,0,0,0,0,0,0,0,0,0,0,0,0,0,0,0,
-0.369717,-0.00309199,0.925227,-0.0851816,-0.344465,-0.00540307,0.934921,-0.0850663,-0.316268,0.00504775,0.940445,-0.124544,0,0,0,0,0.270687,0.732735,-0.601629,-0.166947,-0.0207717,-0.591319,0.141519,0.793651,-0.552488,0.805034,-0.214031,0.0294609,0.794257,-0.539207,0.279068,0.023085,-0.181084,0.620394,0.699033,-0.30606,-0.490075,0.813248,-0.154698,-0.272988,0.468584,0.167218,-0.274443,0.82289,0.545534,0.242099,-0.150732,0.788074,-0.221469,-0.657935,0.714549,0.0865587,0.0731868,-0.400137,-0.0425062,0.912539,-0.0596933,-0.440003,0.0357874,0.895295,0,0,0,0,-0.295391,0.563291,0.68444,-0.356354,0.0457104,0.916247,0.0709113,0.391629,0.0886949,0.502135,0.0966588,0.854781,0,0,0,0,-0.318132,-0.00275203,0.942302,-0.104166,0,0,0,0,0,0,0,0,0,0,0,0,0,0,0,0,
-0.368998,-0.00308871,0.925453,-0.0858348,-0.343445,-0.0054447,0.935237,-0.0857176,-0.314885,0.00529708,0.940784,-0.125476,0,0,0,0,0.271852,0.733563,-0.599976,-0.167362,-0.0264047,-0.621939,0.140325,0.769938,-0.217835,0.967268,-0.11224,-0.0659048,-0.192454,0.971806,-0.116815,-0.0700631,-0.178069,0.621132,0.69996,-0.304208,-0.490766,0.811747,-0.152561,-0.277382,0.471781,0.154361,-0.264736,0.826747,0.54932,0.225531,-0.147893,0.790892,-0.221462,-0.658362,0.71425,0.0857955,0.0726287,-0.400825,-0.0418079,0.912314,-0.0500171,-0.400686,0.040866,0.913936,0,0,0,0,-0.294649,0.563001,0.685077,-0.356205,0.0455187,0.915972,0.0707469,0.392325,0.0884196,0.50043,0.096732,0.855801,0,0,0,0,-0.316773,-0.00263918,0.942658,-0.105085,0,0,0,0,0,0,0,0,0,0,0,0,0,0,0,0,
-0.36879,-0.0031977,0.925512,-0.0860891,-0.343077,-0.00557517,0.935348,-0.0859679,-0.314366,0.0052373,0.940978,-0.125329,0,0,0,0,0.271885,0.733865,-0.599549,-0.167516,-0.0263486,-0.621208,0.140144,0.770562,-0.216864,0.967427,-0.112561,-0.0662201,-0.191418,0.971947,-0.117147,-0.0703915,-0.177311,0.621286,0.700376,-0.303377,-0.484178,0.816393,-0.16029,-0.27089,0.475201,0.154819,-0.263612,0.825059,0.548705,0.229388,-0.140052,0.791637,-0.221268,-0.659013,0.713748,0.0854812,0.0723326,-0.400979,-0.0412303,0.912296,-0.0503066,-0.400698,0.0408091,0.913917,0,0,0,0,-0.29445,0.562761,0.685345,-0.356232,0.0465857,0.915843,0.0699335,0.392646,0.0889503,0.509421,0.0957975,0.85053,0,0,0,0,-0.316251,-0.00273049,0.942837,-0.105055,0,0,0,0,0,0,0,0,0,0,0,0,0,0,0,0,
-0.368675,-0.00317708,0.925529,-0.0863974,-0.342931,-0.00556585,0.935373,-0.0862764,-0.314182,0.00546409,0.941036,-0.125346,0,0,0,0,0.272348,0.734043,-0.598986,-0.167995,-0.021886,-0.596199,0.140703,0.790107,-0.311537,0.937341,-0.143897,-0.0602572,-0.288026,0.94369,-0.14887,-0.0657886,-0.176373,0.622081,0.700114,-0.3029,-0.484567,0.814893,-0.158525,-0.275705,0.473518,0.15637,-0.261987,0.826252,0.54566,0.230484,-0.138215,0.793744,-0.221425,-0.659546,0.713216,0.0853976,0.0724133,-0.401122,-0.0413042,0.912223,-0.0496336,-0.408986,0.0411049,0.910262,0,0,0,0,-0.294279,0.562479,0.685644,-0.356243,0.0467082,0.915803,0.0695922,0.392784,0.0882645,0.505091,0.0964756,0.853103,0,0,0,0,-0.316065,-0.00256757,0.942882,-0.105218,0,0,0,0,0,0,0,0,0,0,0,0,0,0,0,0,
-0.368581,-0.00335352,0.925546,-0.0866057,-0.342761,-0.005755,0.935416,-0.0864793,-0.313939,0.00537216,0.941129,-0.125257,0,0,0,0,0.272646,0.733915,-0.598961,-0.168162,-0.0217475,-0.595258,0.140612,0.790837,-0.318424,0.934809,-0.145621,-0.0594452,-0.295055,0.941286,-0.150632,-0.065064,-0.175814,0.622197,0.700432,-0.302251,-0.483724,0.814836,-0.158562,-0.27733,0.467427,0.171591,-0.270183,0.824057,0.539868,0.241056,-0.156163,0.791232,-0.221505,-0.660809,0.711993,0.0856337,0.0726746,-0.401191,-0.0412873,0.912173,-0.0528116,-0.501145,0.0364122,0.862983,0,0,0,0,-0.294279,0.561752,0.686316,-0.356096,0.0463009,0.915827,0.0684837,0.392973,0.0884674,0.506079,0.0975306,0.852376,0,0,0,0,-0.31582,-0.00267362,0.942967,-0.105186,0,0,0,0,0,0,0,0,0,0,0,0,0,0,0,0,
-0.368629,-0.00330311,0.925496,-0.0869403,-0.338891,-0.00607736,0.936794,-0.0867905,-0.306166,0.00458048,0.943676,-0.125367,0,0,0,0,0.260452,0.749547,-0.585836,-0.164745,-0.0219403,-0.594666,0.139783,0.791424,-0.33143,0.930118,-0.147441,-0.0574116,-0.308355,0.936846,-0.152481,-0.0631392,-0.173641,0.62204,0.701233,-0.301971,-0.48349,0.814391,-0.157656,-0.279552,0.472057,0.155023,-0.259273,0.828195,0.540788,0.221539,-0.150703,0.797344,-0.222398,-0.662056,0.71045,0.0865008,0.0724591,-0.401222,-0.0418073,0.912153,-0.0544587,-0.52847,0.0356139,0.846455,0,0,0,0,-0.294304,0.56073,0.687309,-0.355771,0.0416046,0.915916,0.0749954,0.392101,0.0980459,0.50316,0.0953208,0.853306,0,0,0,0,-0.308027,-0.00334863,0.94553,-0.105269,0,0,0,0,0,0,0,0,0,0,0,0,0,0,0,0,
-0.368448,-0.00327187,0.925493,-0.0877455,-0.338836,-0.00606,0.936739,-0.0875971,-0.306202,0.00484379,0.943552,-0.126198,0,0,0,0,0.263584,0.747405,-0.587026,-0.165258,-0.021077,-0.589439,0.139783,0.795348,-0.466555,0.866927,-0.171906,-0.0348209,-0.448462,0.875026,-0.177435,-0.0415601,-0.171602,0.622036,0.702409,-0.300409,-0.478996,0.818008,-0.16271,-0.273772,0.471717,0.161811,-0.263648,0.825706,0.534248,0.227601,-0.156641,0.7989,-0.222974,-0.66204,0.710352,0.0859357,0.0725251,-0.401491,-0.0421337,0.912014,-0.0543323,-0.505884,0.037181,0.860086,0,0,0,0,-0.293777,0.56039,0.687665,-0.356055,0.0422442,0.915846,0.0741206,0.392362,0.103847,0.575545,0.086845,0.806487,0,0,0,0,-0.308077,-0.00315603,0.945415,-0.106158,0,0,0,0,0,0,0,0,0,0,0,0,0,0,0,0,
-0.368228,-0.00333557,0.925546,-0.0881034,-0.33916,-0.00608386,0.936588,-0.0879563,-0.307073,0.00490631,0.943247,-0.126361,0,0,0,0,0.266399,0.744448,-0.589341,-0.165849,-0.0214865,-0.591354,0.139568,0.793952,-0.465391,0.868064,-0.169345,-0.0346249,-0.447231,0.876188,-0.174854,-0.0412959,-0.170805,0.622268,0.702754,-0.299573,-0.479057,0.817394,-0.161501,-0.276205,0.469598,0.165781,-0.264565,0.825832,0.53174,0.233935,-0.151969,0.799645,-0.222996,-0.66218,0.710267,0.085504,0.0726354,-0.401708,-0.0420351,0.911914,-0.0546548,-0.499901,0.0370094,0.863564,0,0,0,0,-0.293458,0.560247,0.68787,-0.356146,0.0427585,0.915779,0.072634,0.392741,0.0912792,0.478255,0.098899,0.867848,0,0,0,0,-0.308949,-0.00311442,0.9451,-0.106429,0,0,0,0,0,0,0,0,0,0,0,0,0,0,0,0,
-0.366117,-0.00345272,0.926377,-0.0881545,-0.342425,-0.0056949,0.935394,-0.0880381,-0.315564,0.00621028,0.940426,-0.12641,0,0,0,0,0.260044,0.749505,-0.585488,-0.166801,-0.0269038,-0.621327,0.138449,0.770754,-0.299595,0.94513,-0.11856,-0.053996,-0.275533,0.951538,-0.12331,-0.0587531,-0.183174,0.625579,0.689013,-0.316797,-0.476137,0.818605,-0.165252,-0.275448,0.469844,0.170778,-0.265457,0.824387,0.524383,0.235532,-0.159208,0.802621,-0.221372,-0.659577,0.713499,0.0828952,0.0728706,-0.403654,-0.0413136,0.911069,-0.0550546,-0.499621,0.0383036,0.863644,0,0,0,0,-0.291796,0.56129,0.688221,-0.355191,0.0432454,0.914872,0.071948,0.394922,0.0902378,0.478806,0.0991646,0.867622,0,0,0,0,-0.317497,-0.00205995,0.942314,-0.105999,0,0,0,0,0,0,0,0,0,0,0,0,0,0,0,0,
-0.364901,-0.0034291,0.926782,-0.088938,-0.342467,-0.00557076,0.935304,-0.0888296,-0.316829,0.00659062,0.939956,-0.126727,0,0,0,0,0.255939,0.753821,-0.581942,-0.16611,-0.0263187,-0.617629,0.138459,0.773738,-0.297561,0.945294,-0.121672,-0.0554292,-0.273423,0.951639,-0.126448,-0.0602774,-0.1867,0.626048,0.684875,-0.322728,-0.474599,0.819042,-0.16671,-0.275926,0.474442,0.161984,-0.257524,0.826043,0.526568,0.23225,-0.139719,0.805769,-0.220862,-0.659816,0.713609,0.0813956,0.0731973,-0.404856,-0.0409932,0.910523,-0.0559399,-0.498752,0.0372334,0.864136,0,0,0,0,-0.290872,0.5608,0.689188,-0.354848,0.0433992,0.914389,0.070986,0.396195,0.0889597,0.482763,0.0989275,0.865586,0,0,0,0,-0.318765,-0.00171655,0.941846,-0.106361,0,0,0,0,0,0,0,0,0,0,0,0,0,0,0,0,
-0.363669,-0.00380267,0.927217,-0.0894339,-0.341939,-0.00588803,0.935449,-0.0893208,-0.316993,0.00651689,0.939918,-0.126602,0,0,0,0,0.254611,0.755448,-0.580387,-0.166199,-0.0286357,-0.630369,0.137938,0.763406,-0.282815,0.951467,-0.108926,-0.0534878,-0.25828,0.957622,-0.113577,-0.0578947,-0.187372,0.626467,0.68368,-0.324055,-0.475275,0.817989,-0.164212,-0.279358,0.471115,0.16488,-0.25871,0.827003,0.521704,0.237873,-0.134136,0.808238,-0.219867,-0.660487,0.713458,0.0799611,0.073855,-0.405929,-0.0402039,0.910028,-0.0554911,-0.498728,0.0370152,0.864188,0,0,0,0,-0.290073,0.560229,0.690189,-0.354458,0.0412369,0.913813,0.0758941,0.396843,0.0953205,0.480434,0.0962781,0.866503,0,0,0,0,-0.31893,-0.00181925,0.941797,-0.106297,0,0,0,0,0,0,0,0,0,0,0,0,0,0,0,0,
-0.36135,-0.00381084,0.928084,-0.0898428,-0.341512,-0.00572252,0.935566,-0.0897413,-0.318471,0.00683155,0.939428,-0.126508,0,0,0,0,0.254383,0.755248,-0.580711,-0.166325,-0.0266669,-0.619376,0.138295,0.772358,-0.320565,0.937915,-0.122083,-0.0514638,-0.296981,0.944731,-0.126895,-0.0564171,-0.188695,0.627843,0.680824,-0.326629,-0.477888,0.815215,-0.159088,-0.2859,0.466045,0.167527,-0.260048,0.828922,0.521812,0.223654,-0.169802,0.805517,-0.21787,-0.66031,0.714516,0.0774,0.0738852,-0.408135,-0.0397539,0.909058,-0.054947,-0.49788,0.036596,0.864729,0,0,0,0,-0.288312,0.56126,0.690422,-0.35381,0.0413076,0.912894,0.0738597,0.399328,0.093958,0.484979,0.0980839,0.863914,0,0,0,0,-0.320393,-0.00147874,0.941293,-0.106365,0,0,0,0,0,0,0,0,0,0,0,0,0,0,0,0,
-0.359109,-0.00362143,0.928919,-0.0902024,-0.340411,-0.0054294,0.935933,-0.0901117,-0.318525,0.0072688,0.939403,-0.126532,0,0,0,0,0.254286,0.75486,-0.581393,-0.165851,-0.0262022,-0.6167,0.138348,0.774503,-0.328114,0.934889,-0.125332,-0.0511492,-0.304725,0.941824,-0.130188,-0.0562319,-0.188685,0.628604,0.679856,-0.327185,-0.481974,0.81216,-0.151578,-0.291755,0.463831,0.165477,-0.257389,0.831402,0.516972,0.217379,-0.174692,0.809301,-0.215814,-0.660574,0.71515,0.0750171,0.073854,-0.4103,-0.039306,0.908105,-0.0558194,-0.498137,0.0345365,0.86461,0,0,0,0,-0.286905,0.561909,0.690872,-0.353042,0.0394649,0.911985,0.0756911,0.401245,0.0976669,0.505392,0.0946543,0.852103,0,0,0,0,-0.32043,-0.00101366,0.94126,-0.10655,0,0,0,0,0,0,0,0,0,0,0,0,0,0,0,0,
-0.356298,-0.00346333,0.929989,-0.0903313,-0.339277,-0.0051103,0.936333,-0.0902531,-0.319102,0.00763661,0.93923,-0.126345,0,0,0,0,0.254171,0.754725,-0.58155,-0.166093,-0.0260175,-0.615622,0.138349,0.775366,-0.330743,0.933793,-0.126613,-0.051076,-0.307413,0.94077,-0.131486,-0.05621,-0.189039,0.629754,0.678259,-0.328084,-0.482725,0.810681,-0.150192,-0.295321,0.45697,0.176614,-0.265148,0.830472,0.507056,0.230737,-0.176723,0.811433,-0.212707,-0.661318,0.715692,0.0721059,0.0737946,-0.412942,-0.0384074,0.90695,-0.055838,-0.497874,0.0340464,0.86478,0,0,0,0,-0.2856,0.562289,0.691716,-0.351843,0.0376001,0.910839,0.0769108,0.403787,0.101045,0.508691,0.0934931,0.849872,0,0,0,0,-0.320986,-0.000593918,0.941079,-0.106482,0,0,0,0,0,0,0,0,0,0,0,0,0,0,0,0,
-0.352967,-0.00358922,0.93126,-0.0903125,-0.331878,-0.00562481,0.938982,-0.0902086,-0.307683,0.00675295,0.943045,-0.126296,0,0,0,0,0.255209,0.755234,-0.581117,-0.163688,-0.0258083,-0.61443,0.13836,0.776316,-0.332512,0.93298,-0.127934,-0.0511664,-0.309217,0.939982,-0.132826,-0.0563507,-0.175416,0.630096,0.68947,-0.31119,-0.484561,0.822192,-0.13264,-0.267597,0.458343,0.170033,-0.26876,0.829927,0.499556,0.219473,-0.18958,0.816294,-0.210063,-0.662626,0.71547,0.0700181,0.0735643,-0.416021,-0.0377321,0.905589,-0.0561252,-0.505981,0.0329917,0.860084,0,0,0,0,-0.283506,0.562904,0.693033,-0.349955,0.036329,0.909437,0.0773763,0.406961,0.106837,0.542271,0.0881604,0.828707,0,0,0,0,-0.309545,-0.00141199,0.944909,-0.106425,0,0,0,0,0,0,0,0,0,0,0,0,0,0,0,0,
-0.348214,-0.00397279,0.933009,-0.0906906,-0.330073,-0.00572901,0.93958,-0.0905966,-0.30882,0.00692415,0.942654,-0.126431,0,0,0,0,0.254986,0.754631,-0.582171,-0.163067,-0.0255789,-0.613054,0.138362,0.77741,-0.333881,0.932278,-0.129391,-0.0513678,-0.310612,0.939296,-0.134306,-0.0566058,-0.175827,0.633041,0.685409,-0.31394,-0.49,0.817279,-0.12508,-0.276244,0.451725,0.17494,-0.27184,0.831531,0.490807,0.221339,-0.19734,0.819253,-0.206619,-0.663588,0.715918,0.0664948,0.0741522,-0.420363,-0.0366079,0.90358,-0.0553054,-0.505451,0.0335944,0.860425,0,0,0,0,-0.280002,0.563908,0.694853,-0.347541,0.0361619,0.907488,0.0732689,0.412055,0.103509,0.544379,0.0891837,0.827637,0,0,0,0,-0.310676,-0.00122421,0.944509,-0.106687,0,0,0,0,0,0,0,0,0,0,0,0,0,0,0,0,
-0.345285,-0.00386207,0.934093,-0.0907363,-0.328598,-0.00547713,0.940093,-0.0906531,-0.308735,0.0080121,0.942671,-0.126448,0,0,0,0,0.254308,0.754736,-0.582441,-0.162676,-0.0254333,-0.61218,0.138364,0.778103,-0.335147,0.931685,-0.13036,-0.0514339,-0.311905,0.93872,-0.13529,-0.0567088,-0.175795,0.634659,0.68354,-0.314765,-0.493678,0.813059,-0.114918,-0.286376,0.447677,0.160976,-0.264451,0.838891,0.480028,0.202592,-0.196433,0.830629,-0.202986,-0.665522,0.715427,0.0635685,0.07413,-0.423106,-0.0361184,0.90232,-0.0492311,-0.505614,0.0351373,0.860637,0,0,0,0,-0.278924,0.564176,0.695627,-0.346424,0.0381628,0.906169,0.0705719,0.415236,0.0994511,0.541861,0.0905142,0.829641,0,0,0,0,-0.310615,-0.000452507,0.944521,-0.106764,0,0,0,0,0,0,0,0,0,0,0,0,0,0,0,0,
-0.341158,-0.00391178,0.93561,-0.0907216,-0.326366,-0.00534152,0.940872,-0.0906487,-0.30841,0.00836646,0.942791,-0.126329,0,0,0,0,0.253831,0.754492,-0.583126,-0.162097,-0.0253754,-0.611813,0.138348,0.778396,-0.336041,0.931304,-0.130797,-0.0514032,-0.312809,0.938356,-0.135737,-0.0566986,-0.175748,0.635163,0.683074,-0.314786,-0.496503,0.811128,-0.104456,-0.290939,0.435794,0.177383,-0.273408,0.838968,0.467513,0.219499,-0.203049,0.831879,-0.198611,-0.667301,0.71531,0.0599538,0.0741153,-0.426841,-0.034449,0.900626,-0.050152,-0.506059,0.0337042,0.86038,0,0,0,0,-0.276691,0.56504,0.696773,-0.344499,0.0365524,0.904374,0.0718654,0.419055,0.101669,0.539094,0.0894853,0.831284,0,0,0,0,-0.310273,-6.53563e-005,0.944639,-0.106717,0,0,0,0,0,0,0,0,0,0,0,0,0,0,0,0,
-0.333334,-0.00385449,0.938422,-0.0907633,-0.322338,-0.00491556,0.942255,-0.090712,-0.308171,0.00946357,0.942864,-0.126288,0,0,0,0,0.253761,0.753251,-0.584979,-0.161299,-0.0253066,-0.611413,0.138336,0.778715,-0.336492,0.931078,-0.131226,-0.0514515,-0.313264,0.938136,-0.136175,-0.0567643,-0.17592,0.635391,0.682878,-0.314654,-0.496042,0.813067,-0.0976271,-0.288676,0.448969,0.113581,-0.243666,0.852146,0.469711,0.144052,-0.193359,0.849254,-0.190958,-0.669149,0.716205,0.0531489,0.0733182,-0.434046,-0.0327294,0.897305,-0.0509562,-0.50638,0.0329993,0.860171,0,0,0,0,-0.272617,0.567033,0.698345,-0.341274,0.0308979,0.901058,0.0744573,0.426141,0.103779,0.525698,0.0896569,0.839543,0,0,0,0,-0.310038,0.000852489,0.944713,-0.106735,0,0,0,0,0,0,0,0,0,0,0,0,0,0,0,0,
-0.325665,-0.00376901,0.941104,-0.0908333,-0.318093,-0.00449871,0.94369,-0.0908001,-0.307263,0.0113668,0.943112,-0.126493,0,0,0,0,0.253501,0.751934,-0.587105,-0.160123,-0.0251756,-0.610669,0.138341,0.779302,-0.337573,0.930565,-0.132062,-0.0515064,-0.314366,0.937638,-0.137025,-0.0568515,-0.175055,0.637155,0.681672,-0.314186,-0.496689,0.814261,-0.0922025,-0.285969,0.444029,0.11948,-0.249245,0.852314,0.450808,0.144099,-0.205794,0.856538,-0.184435,-0.670476,0.717088,0.0472298,0.071919,-0.441052,-0.0304593,0.894076,-0.0510002,-0.507055,0.0330182,0.85977,0,0,0,0,-0.267956,0.56902,0.700368,-0.337492,0.0273196,0.897712,0.0746431,0.433354,0.105421,0.517579,0.0897352,0.844361,0,0,0,0,-0.309151,0.00240291,0.944981,-0.106912,0,0,0,0,0,0,0,0,0,0,0,0,0,0,0,0,
-0.312132,-0.00401069,0.945722,-0.0903758,-0.310999,-0.00411884,0.946095,-0.090371,-0.306717,0.0122698,0.943379,-0.125737,0,0,0,0,0.25251,0.749062,-0.591826,-0.157757,-0.0250647,-0.610035,0.138338,0.779802,-0.33894,0.929961,-0.132821,-0.0514829,-0.315765,0.937055,-0.137798,-0.0568588,-0.176444,0.636314,0.68229,-0.313771,-0.482187,0.828664,-0.0894931,-0.26982,0.396327,0.093938,-0.293014,0.865011,0.548936,0.168175,-0.183892,0.797853,-0.168781,-0.674948,0.717484,0.0342712,0.0704546,-0.453185,-0.0262801,0.888239,-0.0525157,-0.507801,0.0326409,0.859253,0,0,0,0,-0.261415,0.572404,0.702733,-0.331936,0.0226908,0.89161,0.0732264,0.446267,0.102859,0.485253,0.0935004,0.863254,0,0,0,0,-0.308555,0.00342742,0.945241,-0.106306,0,0,0,0,0,0,0,0,0,0,0,0,0,0,0,0,
-0.303833,-0.00401759,0.948467,-0.0898832,-0.305722,-0.00383853,0.94786,-0.089891,-0.304504,0.0133829,0.944223,-0.124663,0,0,0,0,0.251487,0.746114,-0.596636,-0.15522,-0.0249808,-0.609555,0.138328,0.780182,-0.340037,0.929479,-0.133402,-0.0514538,-0.316889,0.936588,-0.138392,-0.0568539,-0.175015,0.638134,0.682158,-0.31115,-0.4793,0.840172,-0.0931949,-0.236001,0.4125,0.0787342,-0.289554,0.860118,0.506025,0.141761,-0.192304,0.828771,-0.159242,-0.67651,0.718526,0.0263807,0.0687892,-0.460639,-0.0240921,0.88459,-0.0531898,-0.509674,0.0327606,0.858096,0,0,0,0,-0.258159,0.573874,0.704345,-0.328512,0.0200941,0.887756,0.072951,0.454052,0.105757,0.503588,0.0917782,0.85252,0,0,0,0,-0.306311,0.00442366,0.946062,-0.105452,0,0,0,0,0,0,0,0,0,0,0,0,0,0,0,0,
-0.294244,-0.00401501,0.95153,-0.0894183,-0.299465,-0.0035239,0.949899,-0.089439,-0.301661,0.0139909,0.945199,-0.124112,0,0,0,0,0.250611,0.742714,-0.602091,-0.151839,-0.0249231,-0.609228,0.138316,0.780441,-0.341061,0.929046,-0.133827,-0.0513902,-0.317933,0.936172,-0.138828,-0.0568105,-0.173241,0.638715,0.68354,-0.307901,-0.480448,0.842809,-0.0872747,-0.22633,0.47311,-0.158234,-0.174799,0.848866,0.527316,-0.0913717,-0.056199,0.842871,-0.149836,-0.678498,0.718917,0.0186549,0.0678101,-0.469207,-0.0219963,0.880206,-0.0546359,-0.512245,0.030837,0.856545,0,0,0,0,-0.253155,0.57586,0.706779,-0.323668,0.0172965,0.883232,0.0719523,0.463061,0.10755,0.509501,0.0904096,0.848922,0,0,0,0,-0.303422,0.00520242,0.947051,-0.104892,0,0,0,0,0,0,0,0,0,0,0,0,0,0,0,0,
-0.28711,-0.00371702,0.953747,-0.0890018,-0.29459,-0.00301802,0.951463,-0.0890282,-0.299031,0.0158731,0.946124,-0.123195,0,0,0,0,0.248145,0.739455,-0.608105,-0.147778,-0.0249097,-0.609161,0.138288,0.780499,-0.342553,0.928477,-0.134045,-0.0511753,-0.319462,0.935629,-0.139057,-0.0566106,-0.17289,0.640089,0.683124,-0.306166,-0.469317,0.858359,-0.0945971,-0.184428,0.481759,-0.178507,-0.174827,0.839928,0.519043,-0.114959,-0.0615851,0.84474,-0.141574,-0.676257,0.722847,0.0111575,0.0667674,-0.475592,-0.0201155,0.876898,-0.0536817,-0.514521,0.0317902,0.855205,0,0,0,0,-0.250917,0.574915,0.710133,-0.319724,0.0159045,0.879787,0.0716141,0.469674,0.109698,0.512161,0.090379,0.847047,0,0,0,0,-0.300766,0.00690132,0.94798,-0.104047,0,0,0,0,0,0,0,0,0,0,0,0,0,0,0,0,
-0.278307,-0.00317236,0.956456,-0.0879016,-0.28908,-0.00218047,0.953256,-0.0879318,-0.296958,0.0169959,0.946972,-0.121533,0,0,0,0,0.244001,0.73608,-0.615023,-0.142819,-0.0248861,-0.609033,0.138263,0.780604,-0.343135,0.92824,-0.134224,-0.0511198,-0.320053,0.935402,-0.139247,-0.0565664,-0.175979,0.637602,0.685008,-0.305383,-0.420353,0.89799,-0.124632,-0.0372044,0.523271,-0.225391,-0.171756,0.803671,0.515295,-0.149147,-0.0351327,0.843203,-0.133096,-0.674778,0.725906,0.00456378,0.0654913,-0.483438,-0.0179298,0.872741,-0.0556578,-0.516115,0.0343278,0.854019,0,0,0,0,-0.246862,0.574985,0.714235,-0.31356,0.0136374,0.875505,0.0703099,0.477872,0.109625,0.51058,0.090288,0.84802,0,0,0,0,-0.298612,0.00826691,0.948827,-0.102418,0,0,0,0,0,0,0,0,0,0,0,0,0,0,0,0,
-0.266514,-0.00372728,0.959928,-0.0865696,-0.278148,-0.002676,0.956622,-0.0866085,-0.287041,0.0162732,0.950302,-0.119451,0,0,0,0,0.241627,0.733042,-0.620678,-0.137926,0.143907,0.708307,-0.258639,-0.640858,0.125027,0.984447,-0.0666339,0.103887,0.605943,0.778452,0.134781,-0.0931703,-0.172381,0.622985,0.705713,-0.290076,-0.428476,0.896987,-0.0956183,-0.0517558,0.471663,-0.136229,-0.240995,0.837196,0.51227,-0.0654312,-0.116287,0.848396,-0.117273,-0.674411,0.728941,-0.00787538,0.0643172,-0.493555,-0.0131602,0.867233,-0.058341,-0.522481,0.0358131,0.849899,0,0,0,0,-0.243234,0.573888,0.719009,-0.307434,0.012842,0.869582,0.0679628,0.488921,0.109655,0.5112,0.0903377,0.847638,0,0,0,0,-0.288585,0.00798206,0.952122,-0.100588,0,0,0,0,0,0,0,0,0,0,0,0,0,0,0,0,
-0.256585,-0.00406698,0.962691,-0.0858739,-0.271065,-0.0027722,0.958714,-0.0859254,-0.282928,0.0162698,0.951681,-0.118283,0,0,0,0,0.23966,0.728767,-0.627386,-0.133598,0.139718,0.701822,-0.259278,-0.648614,0.123232,0.984738,-0.0710707,0.100272,0.606929,0.777736,0.130267,-0.0989674,-0.173157,0.614288,0.715433,-0.284292,-0.459433,0.884524,0.0499405,-0.0636023,0.500054,-0.167767,-0.152854,0.835725,0.525203,-0.144667,-0.121421,0.829753,-0.108965,-0.673965,0.730541,-0.0144274,0.0633432,-0.502166,-0.0112534,0.862375,-0.0392901,-0.525731,0.0370656,0.848934,0,0,0,0,-0.239031,0.571628,0.7249,-0.301041,0.00907609,0.864568,0.0666404,0.497995,0.1106,0.516347,0.0897283,0.844454,0,0,0,0,-0.284425,0.00819176,0.953516,-0.0992102,0,0,0,0,0,0,0,0,0,0,0,0,0,0,0,0,
-0.252158,-0.00351416,0.964038,-0.0838768,-0.270219,-0.00193828,0.959132,-0.083928,-0.285918,0.0175133,0.951342,-0.113546,0,0,0,0,0.241707,0.715985,-0.641235,-0.13327,0.142075,0.720326,-0.270272,-0.622815,0.0662811,-0.174369,0.08477,0.978783,0.87517,0.402422,-0.223588,0.1488,-0.180711,0.606201,0.72167,-0.28117,-0.447864,0.891817,0.0515997,-0.0376472,0.493042,-0.153887,-0.179712,0.837217,0.507028,-0.133685,-0.148816,0.838394,-0.100762,-0.673843,0.731721,-0.0191681,0.0636574,-0.50596,-0.00951565,0.860152,-0.0395989,-0.524113,0.0372221,0.849913,0,0,0,0,-0.239497,0.57187,0.725622,-0.29846,0.00851681,0.862275,0.0665819,0.501972,0.112162,0.534869,0.0869531,0.832931,0,0,0,0,-0.287291,0.00964487,0.953059,-0.0951245,0,0,0,0,0,0,0,0,0,0,0,0,0,0,0,0,
-0.247304,-0.00304129,0.965498,-0.0815183,-0.267355,-0.00134316,0.960139,-0.081564,-0.285255,0.0177791,0.951919,-0.110291,0,0,0,0,0.238801,0.709548,-0.650045,-0.130218,0.153633,0.729793,-0.288227,-0.600603,0.0310461,0.994857,-0.0669819,0.06935,-0.666658,0.713908,-0.209322,-0.0456837,-0.1863,0.598754,0.727417,-0.27866,-0.414443,0.905496,0.072279,0.0555812,0.530947,-0.217246,-0.164467,0.802402,0.495806,-0.207857,-0.129221,0.833231,-0.0938684,-0.673956,0.732445,-0.0222731,0.0632733,-0.510147,-0.00828052,0.857717,-0.0424939,-0.524657,0.0383017,0.849389,0,0,0,0,-0.239435,0.571484,0.727512,-0.294624,0.00716129,0.859754,0.0663698,0.506327,0.112929,0.531101,0.0863256,0.8353,0,0,0,0,-0.286555,0.0101646,0.953621,-0.0915956,0,0,0,0,0,0,0,0,0,0,0,0,0,0,0,0,
-0.243468,-0.00215781,0.966683,-0.079008,-0.263349,-0.000528242,0.961457,-0.0790356,-0.281279,0.0174189,0.95337,-0.108004,0,0,0,0,0.231501,0.706771,-0.657084,-0.122972,0.151559,0.721981,-0.299968,-0.604808,0.01533,0.996046,-0.0788163,-0.0380174,-0.664255,0.730844,-0.146991,-0.0550067,-0.191149,0.589096,0.734572,-0.277185,-0.413127,0.905192,0.0842673,0.0534032,0.500991,-0.185004,-0.200665,0.821288,0.478115,-0.175946,-0.170038,0.843526,-0.0881357,-0.674391,0.732695,-0.0242227,0.0631836,-0.513493,-0.00729467,0.855734,-0.0429406,-0.527672,0.0386034,0.847483,0,0,0,0,-0.239462,0.572247,0.728317,-0.291111,0.00648462,0.857756,0.0656098,0.509811,0.113407,0.5477,0.0843515,0.82465,0,0,0,0,-0.282511,0.0101988,0.955089,-0.0888191,0,0,0,0,0,0,0,0,0,0,0,0,0,0,0,0,
-0.238675,-0.00169281,0.968101,-0.0762368,-0.255218,-0.000387074,0.963872,-0.0762546,-0.269893,0.0157462,0.956893,-0.10614,0,0,0,0,0.222505,0.706362,-0.662121,-0.114632,0.143572,0.707654,-0.309381,-0.618787,0.076914,-0.523855,0.0517666,0.846747,0.671246,-0.642899,-0.186846,0.318117,-0.182003,0.596267,0.734239,-0.268762,-0.410678,0.900945,0.115877,0.0788329,0.530915,-0.332349,-0.115547,0.770923,0.496379,-0.328489,-0.086228,0.798917,-0.0827782,-0.67519,0.732544,-0.0254307,0.0633342,-0.517578,-0.0064662,0.853264,-0.0440513,-0.53619,0.0384617,0.842069,0,0,0,0,-0.238235,0.573211,0.729813,-0.286436,0.00570655,0.85523,0.064754,0.514156,0.112035,0.526927,0.0865011,0.838042,0,0,0,0,-0.271064,0.00896044,0.958627,-0.0864744,0,0,0,0,0,0,0,0,0,0,0,0,0,0,0,0,
-0.231634,-0.00117039,0.970007,-0.0736896,-0.247483,3.6118e-005,0.966085,-0.0736989,-0.261479,0.0159262,0.959321,-0.105252,0,0,0,0,0.214344,0.704636,-0.668138,-0.105532,0.136891,0.708574,-0.317562,-0.615092,0.0951833,-0.479594,0.0266107,0.871907,0.364896,-0.326468,-0.544058,0.681374,-0.177309,0.600458,0.733259,-0.265223,-0.422378,0.89238,0.152269,0.0454834,0.423434,-0.170424,-0.250627,0.853724,0.537657,-0.112489,-0.188992,0.813973,-0.0766103,-0.674995,0.733308,-0.0277637,0.06378,-0.523648,-0.00707997,0.849514,-0.0480701,-0.542432,0.0389653,0.837818,0,0,0,0,-0.235048,0.57583,0.730894,-0.281009,0.00278408,0.851514,0.063063,0.520518,0.110534,0.525408,0.0855935,0.839287,0,0,0,0,-0.262621,0.00917655,0.961083,-0.0852372,0,0,0,0,0,0,0,0,0,0,0,0,0,0,0,0,
-0.224316,0.000139875,0.971819,-0.072451,-0.242433,0.00149341,0.967459,-0.0724358,-0.2588,0.0176586,0.960087,-0.10461,0,0,0,0,0.207784,0.702405,-0.673744,-0.0975852,0.126324,0.697125,-0.322667,-0.627651,0.121632,-0.458354,-0.00506983,0.880393,0.348465,-0.321986,-0.538769,0.69615,-0.182135,0.593116,0.736999,-0.268092,-0.417569,0.889995,0.170879,0.0659181,0.43199,-0.191512,-0.244415,0.846741,0.493298,-0.155659,-0.206665,0.830492,-0.0689355,-0.675274,0.733583,-0.033297,0.0638187,-0.530111,-0.0078045,0.845487,-0.0488421,-0.54451,0.038463,0.836447,0,0,0,0,-0.23258,0.578179,0.731238,-0.277321,-0.0012135,0.84761,0.0626539,0.526906,0.109644,0.529371,0.0840471,0.837067,0,0,0,0,-0.259934,0.0106265,0.961863,-0.0845009,0,0,0,0,0,0,0,0,0,0,0,0,0,0,0,0,
-0.215048,0.00131575,0.973977,-0.0715585,-0.235117,0.00279332,0.969328,-0.0715161,-0.253544,0.0190487,0.96145,-0.104717,0,0,0,0,0.201511,0.699807,-0.679559,-0.0886756,0.113188,0.695774,-0.326901,-0.629462,0.140173,-0.434475,-0.0306442,0.889182,0.309429,-0.330636,-0.529469,0.717353,-0.183054,0.586505,0.741988,-0.268247,-0.411533,0.890126,0.185715,0.0618573,0.411164,-0.228305,-0.23928,0.849451,0.595671,-0.17438,-0.366375,0.693208,-0.0614386,-0.675141,0.734082,-0.0391691,0.0637306,-0.538168,-0.00796153,0.840387,-0.0494359,-0.548151,0.0389122,0.83401,0,0,0,0,-0.227645,0.58139,0.732137,-0.272284,-0.00535837,0.842568,0.0614204,0.535049,0.109396,0.52584,0.0825101,0.839474,0,0,0,0,-0.254656,0.0119318,0.963263,-0.0844525,0,0,0,0,0,0,0,0,0,0,0,0,0,0,0,0,
-0.207639,0.00280326,0.975704,-0.0698549,-0.214462,0.00329205,0.974227,-0.0698336,-0.219497,0.018698,0.969905,-0.10371,0,0,0,0,0.193111,0.695867,-0.687142,-0.0794508,0.105224,0.710244,-0.32883,-0.613476,0.145149,-0.508171,-0.0387798,0.848051,0.348402,-0.388719,-0.513715,0.680889,-0.139939,0.610686,0.745296,-0.228064,-0.422815,0.888399,0.176718,-0.0273203,0.31798,-0.262384,-0.266316,0.871274,0.679242,-0.170034,-0.117126,0.704273,-0.0553984,-0.672516,0.736765,-0.0427896,0.0638478,-0.544664,-0.00977389,0.836163,-0.052462,-0.571018,0.0387771,0.818341,0,0,0,0,-0.223877,0.58578,0.731477,-0.267735,-0.00794291,0.838477,0.0605735,0.541501,0.109665,0.519241,0.0820915,0.843578,0,0,0,0,-0.220515,0.011711,0.971766,-0.0831111,0,0,0,0,0,0,0,0,0,0,0,0,0,0,0,0,
-0.201611,0.0042122,0.9771,-0.0679001,-0.204961,0.00444504,0.976403,-0.0678853,-0.206555,0.0203085,0.972895,-0.10197,0,0,0,0,-0.18361,-0.692896,0.693253,0.0747152,0.0921159,0.730839,-0.330984,-0.589778,0.13949,-0.427524,-0.0736458,0.890136,0.28356,-0.32487,-0.550195,0.71508,-0.12732,0.62077,0.74281,-0.216026,-0.404171,0.876666,0.207321,0.158494,0.358822,-0.113023,-0.359673,0.853878,0.434667,-0.0570479,-0.277329,0.854926,-0.0504015,-0.670371,0.738938,-0.0450926,0.0631728,-0.549934,-0.0103045,0.832752,-0.0620951,-0.58004,0.0396643,0.811249,0,0,0,0,-0.220973,0.590135,0.730321,-0.26371,-0.00965019,0.835113,0.0606296,0.546642,0.109486,0.509349,0.083386,0.849484,0,0,0,0,-0.207495,0.0133133,0.974765,-0.081255,0,0,0,0,0,0,0,0,0,0,0,0,0,0,0,0,
-0.193732,0.00522553,0.978787,-0.0664498,-0.194931,0.00530692,0.978549,-0.0664434,-0.194453,0.0212934,0.975574,-0.0999524,0,0,0,0,-0.176867,-0.690899,0.697608,0.0687039,0.0800929,0.740815,-0.334436,-0.577002,0.153354,-0.506414,-0.0919649,0.843546,0.335551,-0.40016,-0.494276,0.69496,-0.115246,0.63044,0.739904,-0.204463,-0.421957,0.884021,0.193175,0.05605,0.409664,-0.290347,-0.228455,0.834076,0.520509,-0.249726,-0.231361,0.783057,-0.0437171,-0.66748,0.741698,-0.0494251,0.0612756,-0.556756,-0.0110958,0.828339,-0.0680741,-0.588611,0.0393117,0.804585,0,0,0,0,-0.217463,0.594659,0.729037,-0.259993,-0.0116793,0.830658,0.0599915,0.553419,0.108594,0.500483,0.0839449,0.854797,0,0,0,0,-0.195323,0.0142971,0.977414,-0.0794167,0,0,0,0,0,0,0,0,0,0,0,0,0,0,0,0,
-0.180091,0.00607585,0.981481,-0.0650008,-0.180935,0.00613173,0.981326,-0.0649955,-0.180172,0.0233105,0.978656,-0.0960603,0,0,0,0,-0.166546,-0.68957,0.702119,0.061522,0.0625763,0.744769,-0.33612,-0.573085,0.162023,-0.470199,-0.1214,0.859025,0.263221,-0.397272,-0.515342,0.712258,-0.104093,0.636822,0.739627,-0.191246,-0.420659,0.885205,0.192555,0.0487892,-0.244533,0.83669,-0.381606,0.307458,-0.260464,0.759105,-0.541795,0.249752,-0.0284628,-0.663496,0.745132,-0.0611727,0.0563129,-0.568365,-0.0102437,0.820783,-0.0702229,-0.598387,0.0390832,0.797167,0,0,0,0,-0.214444,0.598431,0.728198,-0.256166,-0.0123898,0.822851,0.0598842,0.564957,0.107022,0.495352,0.0844499,0.857928,0,0,0,0,-0.180978,0.015852,0.980393,-0.076325,0,0,0,0,0,0,0,0,0,0,0,0,0,0,0,0,
-0.161429,0.00819447,0.984843,-0.0629089,-0.162581,0.00826808,0.984654,-0.0628993,-0.162133,0.028678,0.982151,-0.0909361,0,0,0,0,-0.150701,-0.690455,0.705592,0.0519679,0.0466802,0.771631,-0.337656,-0.537025,0.150929,-0.481851,-0.13601,0.852374,0.253468,-0.393743,-0.543318,0.696797,-0.0923049,0.645866,0.737068,-0.17626,-0.401015,0.886349,0.220879,0.0691784,-0.263595,0.844629,-0.341983,0.316493,-0.324423,0.67312,-0.630261,0.210784,-0.0104128,-0.659818,0.747616,-0.0748442,0.0496524,-0.584103,-0.00850525,0.810115,-0.070987,-0.610663,0.0384317,0.787765,0,0,0,0,-0.20833,0.604754,0.727238,-0.24899,-0.015686,0.81191,0.0600152,0.580478,0.10663,0.496254,0.0833596,0.857562,0,0,0,0,-0.162874,0.0201034,0.983815,-0.0719434,0,0,0,0,0,0,0,0,0,0,0,0,0,0,0,0,
-0.1459,0.00934059,0.987417,-0.0602862,-0.147568,0.00944243,0.987169,-0.0602704,-0.147929,0.0279469,0.984751,-0.0871853,0,0,0,0,-0.139516,-0.691316,0.707485,0.0456403,0.0295339,0.77092,-0.341778,-0.536654,0.154983,-0.437291,-0.190781,0.865078,0.201014,-0.388207,-0.541893,0.717803,-0.0809438,0.655672,0.732845,-0.162728,-0.397024,0.885282,0.227706,0.082442,-0.26242,0.835406,-0.34275,0.340227,-0.419609,0.655603,-0.578498,0.243831,0.00432132,-0.655007,0.750881,-0.0844087,0.0448604,-0.596872,-0.0074126,0.801047,-0.0754772,-0.620278,0.0390955,0.779763,0,0,0,0,-0.202293,0.610963,0.726175,-0.241808,-0.0188861,0.802569,0.0597194,0.593261,0.107106,0.515811,0.08094,0.846118,0,0,0,0,-0.14851,0.0202925,0.986357,-0.0680598,0,0,0,0,0,0,0,0,0,0,0,0,0,0,0,0,
-0.135418,0.00998671,0.989035,-0.0580718,-0.133138,0.00985284,0.989344,-0.0580947,-0.129752,0.026858,0.987507,-0.0852792,0,0,0,0,-0.127268,-0.690126,0.711502,0.0359795,0.00613539,0.789201,-0.342844,-0.509492,0.151597,-0.45731,-0.219412,0.848377,0.192847,-0.41356,-0.514508,0.725989,-0.0662064,0.66028,0.733621,-0.146446,-0.35227,0.845007,0.275779,0.292943,-0.356348,0.790587,-0.347375,0.356818,-0.303977,0.787766,-0.440881,0.304379,0.0144067,-0.652403,0.752326,-0.0903755,0.0425011,-0.605322,-0.00611938,0.794822,-0.0706683,-0.632129,0.0388966,0.770653,0,0,0,0,-0.197977,0.615316,0.725501,-0.236303,-0.0199064,0.796183,0.0587256,0.60187,0.103994,0.517046,0.0799962,0.845842,0,0,0,0,-0.130167,0.0203844,0.989119,-0.0654657,0,0,0,0,0,0,0,0,0,0,0,0,0,0,0,0,
-0.121054,0.0101511,0.991027,-0.0557509,-0.116968,0.00992114,0.991518,-0.0557923,-0.112019,0.0247572,0.989981,-0.0823229,0,0,0,0,-0.11194,-0.693713,0.711062,0.0249473,-0.00492379,0.798481,-0.347623,-0.49149,0.151214,-0.473937,-0.218385,0.83954,0.216701,-0.413588,-0.517881,0.716788,-0.0539291,0.66924,0.729014,-0.133224,-0.355325,0.839945,0.333808,0.238347,-0.298495,0.806155,-0.380154,0.341317,-0.312569,0.789205,-0.414468,0.328136,0.0286491,-0.649678,0.753109,-0.0996229,0.0395244,-0.616701,-0.00356468,0.786196,-0.0712258,-0.643844,0.0380615,0.760883,0,0,0,0,-0.191911,0.619083,0.726296,-0.228914,-0.0200556,0.787324,0.0572074,0.613551,0.102628,0.529042,0.078412,0.838709,0,0,0,0,-0.112275,0.019591,0.99152,-0.0624364,0,0,0,0,0,0,0,0,0,0,0,0,0,0,0,0,
-0.108873,0.0107436,0.992566,-0.0533314,-0.101796,0.0103631,0.993317,-0.0534067,-0.0940658,0.0230093,0.992021,-0.0807215,0,0,0,0,-0.0970264,-0.695269,0.71206,0.0125296,-0.0323431,0.810672,-0.341596,-0.474422,0.159677,-0.502591,-0.233067,0.817059,0.234212,-0.437701,-0.508641,0.703453,-0.0422733,0.671595,0.729809,-0.120632,-0.294125,0.795397,0.378571,0.370835,-0.358913,0.766888,-0.365118,0.386979,-0.310741,0.772291,-0.433983,0.344478,0.0402696,-0.646289,0.754555,-0.106467,0.037713,-0.626257,-0.00137066,0.778703,-0.0737011,-0.655338,0.0369082,0.750825,0,0,0,0,-0.18581,0.622604,0.727289,-0.221109,-0.0205569,0.779676,0.0546552,0.623455,0.101337,0.534066,0.0772464,0.835785,0,0,0,0,-0.0942016,0.0188644,0.993537,-0.0604481,0,0,0,0,0,0,0,0,0,0,0,0,0,0,0,0,
-0.0954142,0.0116435,0.994095,-0.0503479,-0.0845963,0.0110952,0.995074,-0.0504715,-0.0733249,0.0219914,0.993971,-0.0784918,0,0,0,0,-0.0791052,-0.697951,0.711761,-0.00181263,-0.057942,0.828797,-0.337606,-0.442448,0.16059,-0.535348,-0.234548,0.795362,0.248257,-0.463181,-0.498179,0.689673,-0.0296715,0.673043,0.731319,-0.106327,-0.305138,0.80926,0.347031,0.362711,-0.376219,0.772662,-0.301338,0.413096,-0.297988,0.77508,-0.433233,0.350376,0.0498783,-0.643694,0.755536,-0.111065,0.0367405,-0.636703,0.000255982,0.770234,-0.0793237,-0.668776,0.0321249,0.738522,0,0,0,0,-0.177126,0.627453,0.728397,-0.210633,-0.0208017,0.771114,0.0522923,0.634205,0.0977658,0.527576,0.0762554,0.840411,0,0,0,0,-0.0733381,0.0187075,0.995449,-0.0578982,0,0,0,0,0,0,0,0,0,0,0,0,0,0,0,0,
-0.0810182,0.0134039,0.995466,-0.0479905,-0.0712537,0.0129327,0.996213,-0.0481196,-0.0612397,0.0221072,0.99486,-0.0775562,0,0,0,0,-0.073369,-0.700523,0.709827,-0.00551908,-0.0826687,0.827826,-0.33228,-0.444366,0.179679,-0.56484,-0.27228,0.757981,-0.247965,0.525041,0.484676,-0.654168,-0.0175773,0.676573,0.730223,-0.0933465,-0.341745,0.847384,0.293767,0.280805,-0.323259,0.786145,-0.369933,0.375005,-0.271878,0.772183,-0.478027,0.318286,0.0618445,-0.639946,0.756681,-0.118648,0.0354946,-0.647804,0.00259225,0.760975,-0.0800487,-0.676312,0.0314276,0.731578,0,0,0,0,-0.169059,0.630822,0.730293,-0.200389,-0.0208329,0.76181,0.0495594,0.645566,0.0946643,0.516398,0.0766311,0.847643,0,0,0,0,-0.0611557,0.0194601,0.996329,-0.0566605,0,0,0,0,0,0,0,0,0,0,0,0,0,0,0,0,
-0.0675008,0.0145145,0.996586,-0.0452741,-0.0583257,0.0140972,0.997165,-0.0454058,-0.0490579,0.0219877,0.995777,-0.0744213,0,0,0,0,-0.063972,-0.702206,0.709009,-0.0110105,-0.123361,0.843529,-0.31612,-0.416304,0.187988,-0.585169,-0.282578,0.736469,-0.24576,0.548569,0.461338,-0.652565,-0.00892109,0.680201,0.728393,-0.0817952,-0.326085,0.858288,0.309359,0.247602,-0.342718,0.84341,-0.265728,0.317163,0.156083,-0.57053,0.737148,-0.32672,0.073802,-0.638462,0.755681,-0.125958,0.03463,-0.658041,0.00460516,0.752172,-0.0774209,-0.683778,0.0314648,0.724888,0,0,0,0,-0.162074,0.63448,0.731183,-0.191151,-0.0213741,0.75291,0.0467964,0.656109,0.0969701,0.527848,0.0771289,0.840253,0,0,0,0,-0.0489005,0.0198144,0.997155,-0.0538417,0,0,0,0,0,0,0,0,0,0,0,0,0,0,0,0,
-0.0544434,0.0158051,0.997457,-0.0431923,-0.0347503,0.0149497,0.998337,-0.0434958,-0.015162,0.0202542,0.996948,-0.0738611,0,0,0,0,0.0268217,0.706243,-0.705862,0.0475493,-0.128901,0.833258,-0.333891,-0.421405,0.194645,-0.588275,-0.313028,0.719764,-0.221037,0.567687,0.481284,-0.63027,0.00359759,0.683752,0.726185,-0.071593,-0.323253,0.845947,0.304449,0.295284,-0.336271,0.791317,-0.321378,0.396807,0.0497032,-0.592297,0.690812,-0.411694,0.0819643,-0.638802,0.753649,-0.131251,0.0338919,-0.667824,0.00663877,0.743518,-0.0803559,-0.703976,0.0276147,0.705122,0,0,0,0,-0.152379,0.639824,0.731224,-0.180882,-0.0226593,0.744135,0.0436102,0.666219,0.0964668,0.574924,0.0699004,0.809488,0,0,0,0,-0.0148905,0.0189597,0.9983,-0.0530671,0,0,0,0,0,0,0,0,0,0,0,0,0,0,0,0,
-0.0360039,0.0163421,0.998391,-0.0406541,-0.013561,0.0154245,0.998948,-0.041011,0.00857811,0.0181241,0.997072,-0.0737869,0,0,0,0,0.00969254,0.706554,-0.704637,0.0646009,-0.159835,0.844178,-0.328145,-0.392603,-0.217261,0.65319,0.312173,-0.654743,-0.215766,0.607215,0.473629,-0.600342,0.0208397,0.684107,0.726972,-0.0554548,-0.247203,0.771271,0.385382,0.442168,-0.381324,0.701391,-0.232557,0.555481,-0.411223,0.660592,-0.417629,0.469147,0.0892314,-0.63835,0.752605,-0.134661,0.0338527,-0.681361,0.00834106,0.731117,0.0805786,0.717759,-0.0249521,-0.691164,0,0,0,0,-0.134664,0.647166,0.732249,-0.163872,-0.0256031,0.731438,0.037685,0.680385,0.093629,0.551727,0.0710622,0.8257,0,0,0,0,0.00891625,0.0174959,0.998417,-0.0527035,0,0,0,0,0,0,0,0,0,0,0,0,0,0,0,0,
-0.0247061,0.0167419,0.998811,-0.038557,0.000931332,0.0157471,0.999116,-0.0389739,0.0261757,0.0171406,0.99696,-0.0713591,0,0,0,0,-0.00520928,0.709048,-0.700934,0.0769114,-0.192806,0.866381,-0.309795,-0.340937,-0.216535,0.683987,0.290312,-0.63324,-0.233451,0.600923,0.516087,-0.563955,0.0313438,0.687937,0.723822,-0.042913,-0.242069,0.790108,0.422875,0.371899,-0.337624,0.719242,-0.220279,0.565843,-0.398121,0.608145,-0.517367,0.451653,0.0991954,-0.63755,0.750872,-0.141002,0.0327102,-0.689536,0.0111527,0.723426,0.0833379,0.727659,-0.0288543,-0.680246,0,0,0,0,-0.129081,0.649756,0.732548,-0.156614,-0.0251901,0.723679,0.0358396,0.688745,0.0937645,0.541027,0.0709637,0.832744,0,0,0,0,0.0265621,0.0170006,0.998217,-0.0506699,0,0,0,0,0,0,0,0,0,0,0,0,0,0,0,0,
-0.00999316,0.017674,0.999115,-0.0368467,0.0182883,0.0166241,0.998997,-0.0373322,0.0460412,0.0163476,0.996276,-0.0710466,0,0,0,0,-0.0220395,0.70964,-0.698,0.0933887,-0.216306,0.861232,-0.299377,-0.349091,-0.237444,0.699989,0.327408,-0.588592,-0.220257,0.62977,0.536297,-0.516974,0.0430721,0.690035,0.721811,-0.0313835,-0.240681,0.789818,0.426068,0.369766,-0.293853,0.609028,-0.27129,0.684935,-0.419682,0.586031,-0.49652,0.483634,0.109856,-0.636287,0.748979,-0.148663,0.0333454,-0.700039,0.0140837,0.713187,0.084548,0.738692,-0.0293971,-0.668073,0,0,0,0,-0.120132,0.652878,0.733341,-0.146729,-0.0260464,0.713322,0.0320752,0.699617,0.0934882,0.544659,0.0693462,0.83054,0,0,0,0,0.046496,0.0167242,0.997519,-0.0501435,0,0,0,0,0,0,0,0,0,0,0,0,0,0,0,0,
0.00661837,0.0182526,0.999199,-0.0349784,0.0377571,0.0171535,0.998508,-0.0355302,0.0682715,0.0154989,0.995081,-0.0700835,0,0,0,0,-0.0406813,0.710064,-0.694123,0.111118,-0.229012,0.864387,-0.293869,-0.337683,-0.245441,0.723345,0.339254,-0.549034,-0.256119,0.637178,0.555754,-0.468556,0.0563021,0.690446,0.720969,-0.0178426,-0.232966,0.775371,0.427548,0.402157,-0.301436,0.575823,-0.280703,0.706236,-0.404767,0.586273,-0.472492,0.518843,0.119371,-0.635554,0.746837,-0.155102,-0.0328045,0.711737,-0.017062,-0.701472,0.0861068,0.750759,-0.0284143,-0.654323,0,0,0,0,-0.108107,0.655817,0.735014,-0.134056,-0.028464,0.701365,0.0280482,0.711681,0.0928531,0.548757,0.0675295,0.82806,0,0,0,0,0.0687902,0.0163748,0.996286,-0.0491308,0,0,0,0,0,0,0,0,0,0,0,0,0,0,0,0,
0.0182104,0.0189556,0.9991,-0.0332846,0.0526427,0.0177969,0.997879,-0.0339183,0.0864102,0.0153365,0.993791,-0.0683916,0,0,0,0,-0.0569453,0.708063,-0.692557,0.125574,-0.265591,0.867262,-0.26732,-0.325359,-0.257025,0.729917,0.379352,-0.507199,-0.245743,0.674268,0.54102,-0.438486,0.0660456,0.692268,0.718583,-0.00643987,-0.211066,0.756852,0.442147,0.432587,-0.312968,0.566728,-0.269564,0.712885,-0.41236,0.560204,-0.478752,0.535655,0.128312,-0.633871,0.745518,-0.161078,-0.0324441,0.719797,-0.0189212,-0.693168,0.0658836,0.759123,-0.032643,-0.646781,0,0,0,0,-0.1019,0.657963,0.735325,-0.12648,-0.0286748,0.693008,0.0266208,0.719867,0.0923844,0.524448,0.0686782,0.843625,0,0,0,0,0.0869781,0.0165668,0.994935,-0.0475961,0,0,0,0,0,0,0,0,0,0,0,0,0,0,0,0,
0.0347403,0.0173134,0.998734,-0.0319973,0.0693867,0.0161923,0.996926,-0.032579,0.103384,0.0135261,0.992225,-0.0679555,0,0,0,0,-0.0719221,0.705589,-0.690946,0.13988,-0.279267,0.865843,-0.26203,-0.321971,-0.257302,0.7237,0.395415,-0.503688,-0.256093,0.665247,0.549788,-0.435426,0.0754814,0.693059,0.716911,0.00337425,-0.20266,0.746229,0.443649,0.453042,-0.321518,0.539103,-0.258701,0.734212,-0.426109,0.552239,-0.482076,0.530156,0.144188,-0.631618,0.74189,-0.172826,-0.0322929,0.730977,-0.0257898,-0.68115,0.0684951,0.768197,-0.0320611,-0.635731,0,0,0,0,-0.0961001,0.658304,0.736868,-0.120109,-0.0278395,0.681042,0.0235798,0.731335,0.0938794,0.555793,0.0638047,0.823535,0,0,0,0,0.103961,0.0149893,0.993351,-0.0471293,0,0,0,0,0,0,0,0,0,0,0,0,0,0,0,0,
0.0446559,0.0174371,0.998371,-0.0309425,0.0838961,0.0162064,0.995841,-0.0316045,0.122478,0.012533,0.99011,-0.067264,0,0,0,0,-0.0884967,0.701025,-0.690346,0.155416,-0.305097,0.871704,-0.241302,-0.29803,-0.246698,0.718156,0.415861,-0.500452,-0.224063,0.656956,0.5797,-0.426794,0.0861846,0.695922,0.71276,0.01543,-0.183289,0.712999,0.461975,0.494588,-0.347523,0.537627,-0.252828,0.72544,-0.389369,0.514974,-0.455987,0.612593,0.152864,-0.629382,0.740591,-0.178982,-0.0333121,0.737609,-0.029089,-0.673778,0.0748379,0.778661,-0.0282161,-0.622327,0,0,0,0,-0.0921795,0.659337,0.737213,-0.115304,-0.0277827,0.673728,0.0223062,0.73812,0.0938808,0.523135,0.0659171,0.844494,0,0,0,0,0.1231,0.0144525,0.9912,-0.0464833,0,0,0,0,0,0,0,0,0,0,0,0,0,0,0,0,
0.0605086,0.0181273,0.997544,-0.0302561,0.100949,0.0168842,0.994266,-0.030967,0.140692,0.01277,0.987686,-0.0672277,0,0,0,0,-0.103958,0.695626,-0.6901,0.170465,-0.336395,0.880695,-0.242761,-0.22865,-0.22528,0.7599,0.435318,-0.426964,-0.257493,0.679959,0.578412,-0.369854,0.0967749,0.698036,0.708995,0.0265858,-0.177535,0.707422,0.464792,0.501999,-0.34745,0.503161,-0.239605,0.75412,-0.364467,0.499523,-0.486297,0.617379,0.158101,-0.627588,0.740096,-0.182741,-0.0333064,0.748204,-0.0303589,-0.661936,0.0760974,0.788152,-0.0272601,-0.61015,0,0,0,0,-0.0784133,0.66292,0.73745,-0.102737,-0.0322153,0.661561,0.0188997,0.748961,0.0860055,0.517909,0.0654733,0.848579,0,0,0,0,0.141369,0.0149365,0.988757,-0.0463808,0,0,0,0,0,0,0,0,0,0,0,0,0,0,0,0,
0.0795209,0.0191125,0.996185,-0.0304333,0.116582,0.0179653,0.992531,-0.0311243,0.152876,0.0140018,0.985802,-0.068029,0,0,0,0,0.115717,-0.689258,0.690316,-0.187075,-0.363624,0.885245,-0.181801,-0.22598,-0.273185,0.765532,0.411962,-0.411847,-0.236555,0.705664,0.57836,-0.334035,0.100327,0.700436,0.705998,0.0298382,-0.151576,0.689935,0.479408,0.520751,-0.340454,0.455639,-0.236371,0.78779,-0.380539,0.442294,-0.488792,0.648574,0.164256,-0.625321,0.739237,-0.188475,-0.0334204,0.760694,-0.0312691,-0.647495,0.0649345,0.793405,-0.0334246,-0.604297,0,0,0,0,-0.0612292,0.665473,0.738687,-0.0879613,-0.0384874,0.646591,0.0142638,0.761732,0.0840773,0.511422,0.0640457,0.852805,0,0,0,0,0.153603,0.0161422,0.98688,-0.0470424,0,0,0,0,0,0,0,0,0,0,0,0,0,0,0,0,
0.0915417,0.0202399,0.995131,-0.0304039,0.13106,0.0190142,0.990701,-0.031185,0.169815,0.0156541,0.982966,-0.0685244,0,0,0,0,0.128529,-0.683306,0.690135,-0.200715,-0.368506,0.884703,-0.181626,-0.220264,-0.251884,0.751034,0.43511,-0.427997,-0.213143,0.679722,0.610419,-0.346318,0.112562,0.702224,0.701882,0.039663,-0.141547,0.680558,0.480265,0.53493,-0.347909,0.434907,-0.21377,0.802569,-0.382565,0.434177,-0.495139,0.648052,0.170996,-0.620907,0.740067,-0.193742,-0.0330152,0.76848,-0.0317128,-0.638234,0.0837328,0.803163,-0.0208444,-0.589477,0,0,0,0,-0.0534878,0.666816,0.73889,-0.0808539,-0.0418129,0.637001,0.012772,0.769622,0.0876754,0.569033,0.0574233,0.815609,0,0,0,0,0.170598,0.0176505,0.984042,-0.0473865,0,0,0,0,0,0,0,0,0,0,0,0,0,0,0,0,
0.109674,0.0219312,0.993253,-0.0306596,0.147904,0.0207323,0.988283,-0.0314827,0.185305,0.0176168,0.980108,-0.0688514,0,0,0,0,0.141706,-0.677676,0.68879,-0.215042,-0.381143,0.88423,-0.16094,-0.216714,-0.254806,0.751144,0.456863,-0.402658,-0.198926,0.684768,0.62476,-0.318113,0.120915,0.705164,0.696987,0.0482945,-0.131778,0.627238,0.464362,0.611208,-0.38392,0.365785,-0.23224,0.815396,-0.375152,0.409035,-0.406633,0.725672,0.179946,-0.615855,0.740091,-0.201514,-0.0325442,0.78002,-0.0326453,-0.624055,0.0462517,0.809166,-0.0220341,-0.585342,0,0,0,0,-0.0400143,0.669663,0.738356,-0.0691436,-0.0470461,0.62227,0.0105608,0.781316,0.0854793,0.55427,0.0573785,0.825945,0,0,0,0,0.186152,0.019588,0.981168,-0.0476787,0,0,0,0,0,0,0,0,0,0,0,0,0,0,0,0,
0.122601,0.0228484,0.991706,-0.031092,0.154734,0.0218269,0.987202,-0.0318174,0.185929,0.0191859,0.979946,-0.0690579,0,0,0,0,0.144088,-0.676629,0.688313,-0.218258,-0.410608,0.883764,-0.119851,-0.189733,-0.283473,0.772949,0.470689,-0.317247,-0.226028,0.727294,0.601741,-0.240544,0.119334,0.705414,0.697158,0.0460688,-0.111673,0.614113,0.467809,0.625738,-0.390066,0.344691,-0.165974,0.837549,-0.369856,0.419508,-0.500764,0.660647,0.190044,-0.607371,0.742585,-0.20869,-0.0300495,0.788143,-0.0335608,-0.613841,0.0754545,0.810775,-0.0145426,-0.580292,0,0,0,0,-0.0335674,0.67168,0.737326,-0.0637945,-0.0488292,0.611797,0.0091124,0.789454,0.0853226,0.559375,0.0570452,0.822536,0,0,0,0,0.186795,0.0209483,0.981011,-0.0478059,0,0,0,0,0,0,0,0,0,0,0,0,0,0,0,0,
0.131981,0.0237974,0.990469,-0.0313944,0.171706,0.0225157,0.98436,-0.032326,0.210521,0.0183177,0.974904,-0.0700567,0,0,0,0,0.162918,-0.666493,0.687432,-0.23808,-0.411799,0.884635,-0.107598,-0.190432,-0.216962,0.734723,0.537758,-0.352032,-0.192518,0.707968,0.605199,-0.308954,0.135616,0.706905,0.691417,0.0619392,-0.10482,0.59392,0.464848,0.648219,-0.40119,0.337319,-0.179709,0.832447,-0.368766,0.418351,-0.437461,0.705423,0.19764,-0.601836,0.743445,-0.214527,-0.0300744,0.793907,-0.0348573,-0.606294,0.072823,0.822092,-0.0135044,-0.564518,0,0,0,0,-0.0288201,0.673081,0.736589,-0.0597275,-0.0502112,0.604086,0.00820979,0.795294,0.0826819,0.524307,0.0599254,0.845384,0,0,0,0,0.211477,0.0208204,0.975943,-0.0487823,0,0,0,0,0,0,0,0,0,0,0,0,0,0,0,0,
0.141731,0.0245673,0.98909,-0.0317652,0.179458,0.0233344,0.982946,-0.0326816,0.216156,0.0192585,0.973618,-0.0705245,0,0,0,0,0.162679,-0.66648,0.687518,-0.238029,-0.436616,0.889693,-0.0394442,-0.127502,-0.260951,0.770857,0.491052,-0.310728,-0.193417,0.708093,0.640742,-0.225043,0.142788,0.710795,0.685058,0.0712612,-0.0862579,0.58746,0.469418,0.653527,-0.404234,0.378427,-0.150418,0.819,-0.434774,0.417068,-0.411987,0.683588,0.20581,-0.595544,0.744543,-0.220512,-0.0286821,0.799861,-0.0358453,-0.598426,0.0765666,0.825086,-0.0158985,-0.559569,0,0,0,0,-0.0241407,0.674729,0.735554,-0.0558511,-0.0512399,0.596058,0.00733078,0.801271,0.0823373,0.446399,0.0656827,0.888614,0,0,0,0,0.217148,0.0217605,0.974657,-0.0491632,0,0,0,0,0,0,0,0,0,0,0,0,0,0,0,0,
0.150939,0.0256062,0.987697,-0.0318668,0.186499,0.024439,0.981604,-0.0327705,0.220897,0.0202679,0.972514,-0.0707801,0,0,0,0,0.162604,-0.666986,0.686889,-0.238482,-0.448528,0.887819,-0.0185225,-0.101275,-0.287543,0.79082,0.479571,-0.248865,-0.192887,0.715729,0.654549,-0.148636,0.148754,0.713087,0.680608,0.0784351,-0.0632317,0.582845,0.473021,0.657681,-0.387005,0.335184,-0.112985,0.851536,-0.418259,0.377644,-0.517252,0.644123,0.214926,-0.588306,0.745851,-0.226736,-0.0288053,0.805384,-0.0370779,-0.590891,-0.0647503,-0.462188,0.0530605,0.882822,0,0,0,0,-0.021226,0.67704,0.733724,-0.0530589,-0.0510602,0.588505,0.00757493,0.806844,0.0804385,0.437405,0.0655808,0.893256,0,0,0,0,0.221938,0.0229952,0.973536,-0.0494203,0,0,0,0,0,0,0,0,0,0,0,0,0,0,0,0,
0.166432,0.0269915,0.985155,-0.0322835,0.210553,0.0255129,0.976676,-0.0334643,0.25366,0.0194567,0.964422,-0.0718985,0,0,0,0,0.197366,-0.643393,0.6872,-0.273583,-0.4385,0.889186,-0.0292694,-0.127314,-0.293208,0.787463,0.485806,-0.240674,-0.178967,0.711459,0.666682,-0.131652,0.161773,0.714249,0.674841,0.0909305,-0.0563471,0.571153,0.469139,0.671206,-0.392747,0.339157,-0.119311,0.846456,-0.430508,0.382047,-0.470901,0.668546,0.229104,-0.577754,0.746742,-0.236829,-0.0276106,0.81451,-0.040834,-0.578052,-0.065879,-0.463831,0.0551513,0.881748,0,0,0,0,-0.0145722,0.680068,0.731482,-0.0472165,-0.0526012,0.575486,0.00592112,0.816097,0.0802223,0.438406,0.0647977,0.892842,0,0,0,0,0.254814,0.0230942,0.965387,-0.0506303,0,0,0,0,0,0,0,0,0,0,0,0,0,0,0,0,
0.173991,0.027742,0.983818,-0.0325572,0.218128,0.0262475,0.974982,-0.0337737,0.261233,0.0192224,0.962373,-0.0722968,0,0,0,0,0.205817,-0.641279,0.682185,-0.284648,-0.448026,0.887284,-0.00254585,-0.109518,-0.257214,0.770215,0.545344,-0.207872,-0.207949,0.742082,0.619132,-0.150826,0.162445,0.717348,0.671111,0.0929122,-0.0356252,0.535276,0.471399,0.699995,-0.423867,0.476613,-0.0444569,0.768896,-0.475019,0.509697,-0.355216,0.623207,0.234606,-0.57507,0.745549,-0.241684,-0.0270939,0.818917,-0.0417612,-0.571749,-0.0684345,-0.461527,0.05743,0.882616,0,0,0,0,-0.0102534,0.681364,0.730578,-0.0435136,-0.0531036,0.569084,0.00483642,0.820548,0.0813505,0.433181,0.0648937,0.89528,0,0,0,0,0.262431,0.0233238,0.963312,-0.0511419,0,0,0,0,0,0,0,0,0,0,0,0,0,0,0,0,
0.17891,0.0287906,0.982887,-0.0330968,0.223148,0.0272654,0.973797,-0.0343642,0.266305,0.0196665,0.960922,-0.0729708,0,0,0,0,0.209407,-0.640936,0.678903,-0.290586,-0.459709,0.885039,0.0191108,-0.0707716,-0.237713,0.774067,0.549131,-0.206805,-0.178448,0.72701,0.64848,-0.138157,0.164598,0.720096,0.667198,0.0959994,-0.019317,0.536229,0.473494,0.698491,-0.403965,0.46695,-0.0220884,0.786309,-0.500775,0.467852,-0.420825,0.594345,0.238702,-0.572465,0.744921,-0.245759,-0.0270145,0.821769,-0.0422218,-0.567612,-0.0721604,-0.437907,0.0603354,0.894086,0,0,0,0,-0.00860768,0.682861,0.729268,-0.0423662,-0.0535491,0.56483,0.00529095,0.823451,0.0819671,0.45751,0.0624986,0.88321,0,0,0,0,0.267548,0.0240994,0.961843,-0.0519139,0,0,0,0,0,0,0,0,0,0,0,0,0,0,0,0,
0.187679,0.0289581,0.981232,-0.0334912,0.23028,0.0274704,0.972117,-0.0347219,0.271714,0.0189991,0.959404,-0.0731731,0,0,0,0,0.213704,-0.638849,0.677491,-0.29531,-0.46125,0.884194,0.0328198,-0.0661213,-0.249099,0.776329,0.547459,-0.188552,-0.179708,0.71768,0.663782,-0.109694,0.167163,0.722086,0.663769,0.100294,0.00485083,0.544886,0.474459,0.691349,-0.370744,0.490005,0.0179913,0.788746,0.705988,-0.587998,0.242011,-0.311881,0.246067,-0.567509,0.744543,-0.251078,-0.0265536,0.826755,-0.0444822,-0.560172,-0.0751922,-0.415085,0.0625771,0.904508,0,0,0,0,-0.00440153,0.687045,0.725547,-0.0391456,-0.0545434,0.557352,0.00498361,0.828468,0.0812126,0.448694,0.0627015,0.887776,0,0,0,0,0.272971,0.02369,0.960313,-0.0522015,0,0,0,0,0,0,0,0,0,0,0,0,0,0,0,0,
0.189469,0.030831,0.980801,-0.0343649,0.233564,0.0292478,0.971245,-0.035722,0.276413,0.0218061,0.957812,-0.075604,0,0,0,0,0.214283,-0.635946,0.678557,-0.29869,-0.459912,0.884713,0.0578862,-0.0491265,-0.0843235,0.713568,0.619302,-0.316506,-0.0847105,0.661443,0.685032,-0.293342,0.172538,0.725067,0.658431,0.104773,0.0180818,0.504517,0.470107,0.723972,-0.385908,0.389382,-0.00406017,0.836325,0.72145,-0.604301,0.265872,-0.208907,0.246009,-0.567037,0.744233,-0.253112,-0.0270608,0.827788,-0.0445671,-0.558614,-0.066175,-0.427034,0.0598177,0.899825,0,0,0,0,-0.00292841,0.687687,0.724986,-0.0383806,-0.0549181,0.555594,0.00505529,0.829622,0.0814875,0.455547,0.0616864,0.884326,0,0,0,0,0.277759,0.0263264,0.958754,-0.0542994,0,0,0,0,0,0,0,0,0,0,0,0,0,0,0,0,
0.19289,0.0330074,0.980027,-0.0353569,0.235388,0.0314363,0.970697,-0.0367608,0.276515,0.0242047,0.957652,-0.0765203,0,0,0,0,0.212502,-0.635898,0.678922,-0.299233,-0.455378,0.885545,0.0799929,-0.0451998,-0.178992,0.752485,0.598167,-0.209579,-0.0781468,0.708735,0.690661,-0.120725,0.172962,0.729527,0.653136,0.106248,0.0301267,0.503453,0.473895,0.721839,-0.362752,0.433602,0.0556687,0.822983,0.746995,-0.61244,0.234893,-0.108357,0.24678,-0.566969,0.742849,-0.256555,-0.027923,0.829758,-0.0442657,-0.555663,-0.0728156,-0.454454,0.0598973,0.885766,0,0,0,0,-0.000787052,0.688488,0.7243,-0.0370468,-0.0553858,0.552406,0.00534112,0.831716,0.0818263,0.469833,0.0603566,0.87688,0,0,0,0,0.277915,0.0288557,0.95857,-0.0554422,0,0,0,0,0,0,0,0,0,0,0,0,0,0,0,0,
0.195868,0.0351299,0.979305,-0.0369228,0.237025,0.0335403,0.970166,-0.0383725,0.276621,0.0254963,0.957465,-0.0780486,0,0,0,0,0.208458,-0.637096,0.679882,-0.297347,-0.452006,0.88557,0.101712,-0.0333171,-0.242837,0.771287,0.577621,-0.111801,-0.145632,0.719333,0.678851,-0.0226487,0.176341,0.732269,0.648646,0.109291,0.0404224,0.475672,0.473976,0.739899,-0.18732,0.907288,0.329274,0.182532,0.742786,-0.638266,0.0661161,0.191087,0.246611,-0.566456,0.742256,-0.25955,-0.0277882,0.83149,-0.0441747,-0.553083,-0.0842965,-0.405481,0.0672178,0.907723,0,0,0,0,0.00186333,0.689211,0.72366,-0.0360544,-0.055078,0.54966,0.00488944,0.833557,0.0806698,0.46847,0.0602549,0.877723,0,0,0,0,0.278083,0.0304896,0.958372,-0.0571214,0,0,0,0,0,0,0,0,0,0,0,0,0,0,0,0,
0.199271,0.0368221,0.978512,-0.0380803,0.237831,0.0352866,0.969861,-0.0395074,0.274727,0.0279364,0.957861,-0.0790404,0,0,0,0,0.204929,-0.639016,0.67942,-0.296733,-0.445069,0.881669,0.15588,-0.0165949,-0.282621,0.774457,0.563275,-0.0553397,-0.167943,0.721521,0.670231,0.0446409,0.173913,0.741414,0.638465,0.111454,0.0607774,0.481614,0.480529,0.730374,-0.355897,0.263746,0.0147805,0.896413,0.740952,-0.615356,0.184639,-0.19554,0.247211,-0.566235,0.741124,-0.262679,-0.0271438,0.83347,-0.0435791,-0.550175,-0.0853791,-0.391908,0.0695388,0.913391,0,0,0,0,0.00423526,0.689524,0.72341,-0.034877,-0.056625,0.546392,0.00605554,0.835591,0.0783476,0.432086,0.0614597,0.896318,0,0,0,0,0.276221,0.0327795,0.958766,-0.058269,0,0,0,0,0,0,0,0,0,0,0,0,0,0,0,0,
0.206301,0.038968,0.976927,-0.0391869,0.241522,0.0375242,0.96882,-0.0405716,0.274908,0.0300804,0.957713,-0.0794195,0,0,0,0,0.200057,-0.643494,0.67781,-0.294052,-0.453451,0.880256,0.138545,0.0183375,-0.28407,0.764207,0.577129,0.0470508,-0.241336,0.721185,0.642282,0.0955143,0.17759,0.743522,0.634281,0.115435,0.110139,0.52056,0.471278,0.703408,0.0393479,0.956945,0.284019,-0.0451794,-0.640218,0.633245,0.434303,-0.02242,0.249878,-0.566002,0.73843,-0.268185,-0.0260694,0.837411,-0.044698,-0.544118,-0.0849191,-0.390567,0.071591,0.91385,0,0,0,0,0.00859279,0.689859,0.723199,-0.0316973,-0.0562349,0.540163,0.00544705,0.839662,0.0787706,0.434841,0.0615408,0.894942,0,0,0,0,0.276439,0.0350413,0.958583,-0.0589261,0,0,0,0,0,0,0,0,0,0,0,0,0,0,0,0,
0.209696,0.0405761,0.976107,-0.0399556,0.24153,0.0392466,0.968721,-0.0412622,0.271439,0.0326039,0.958545,-0.0803044,0,0,0,0,0.196785,-0.646205,0.675988,-0.294509,-0.429624,0.878879,0.206687,0.0165919,-0.307101,0.762241,0.567697,0.0489679,-0.216725,0.704866,0.662051,0.133726,0.170943,0.757465,0.619148,0.116969,0.017875,0.364015,0.433294,0.824275,-0.000473496,0.888439,0.386691,0.247276,-0.353047,0.842648,0.394185,0.0996012,0.249931,-0.566388,0.737247,-0.270565,-0.0267887,0.839379,-0.0431769,-0.541166,-0.0748492,-0.386577,0.0718109,0.916405,0,0,0,0,0.0120232,0.690619,0.722528,-0.0292452,-0.0562795,0.537045,0.00600224,0.841653,0.0782297,0.436644,0.0599101,0.894222,0,0,0,0,0.272998,0.0373522,0.959423,-0.0598783,0,0,0,0,0,0,0,0,0,0,0,0,0,0,0,0,
0.218021,0.0426866,0.974134,-0.0413278,0.256879,0.0409964,0.964615,-0.0430051,0.294035,0.0323745,0.951731,-0.0818735,0,0,0,0,0.22248,-0.632849,0.66555,-0.327181,-0.418175,0.885683,0.201206,0.0145412,-0.290829,0.760561,0.578375,0.0494749,-0.183819,0.696929,0.678155,0.143548,0.174377,0.757785,0.616967,0.121264,0.0371447,0.395739,0.431676,0.809733,0.0232759,0.905566,0.359943,0.223271,-0.343921,0.845622,0.39706,0.0947935,0.254603,-0.564868,0.734073,-0.277918,-0.0270542,0.843996,-0.0437053,-0.533881,-0.0745742,-0.395034,0.0741904,0.912624,0,0,0,0,0.0164584,0.690807,0.722374,-0.0262769,-0.0564266,0.529563,0.00535528,0.846375,0.0779489,0.445007,0.0580634,0.890237,0,0,0,0,0.295681,0.0378787,0.952539,-0.061703,0,0,0,0,0,0,0,0,0,0,0,0,0,0,0,0,
0.228735,0.043885,0.971591,-0.0420141,0.264937,0.0422819,0.96235,-0.0436271,0.299351,0.0335649,0.950005,-0.082171,0,0,0,0,0.227147,-0.629854,0.663398,-0.334054,-0.40965,0.884338,0.222006,0.0290962,-0.272063,0.75942,0.589056,0.0477069,-0.155363,0.691316,0.690447,0.145697,0.175092,0.761489,0.611414,0.125098,0.135971,0.481199,0.466726,0.72947,-0.0047142,0.950349,0.287101,0.119949,-0.328542,0.848138,0.410068,0.0675752,0.26042,-0.563691,0.730137,-0.28519,-0.0247307,0.849819,-0.0447786,-0.524586,-0.0761134,-0.389894,0.0770548,0.914468,0,0,0,0,0.0229012,0.691507,0.721701,-0.020997,-0.0564529,0.520078,0.00451377,0.852239,0.0779927,0.446252,0.0578337,0.889625,0,0,0,0,0.301022,0.0391589,0.950781,-0.0621833,0,0,0,0,0,0,0,0,0,0,0,0,0,0,0,0,
0.235979,0.0451586,0.969755,-0.043013,0.272756,0.043487,0.96006,-0.0447024,0.307761,0.0345304,0.947186,-0.0832429,0,0,0,0,0.233524,-0.627241,0.658094,-0.344889,-0.409608,0.883561,0.221767,0.0485971,-0.595802,-0.0591438,-0.254909,0.759304,0.692325,0.157163,0.134588,-0.691283,0.177796,0.764487,0.605819,0.130122,0.141588,0.488967,0.463691,0.725159,0.00772034,0.953816,0.278017,0.113497,-0.326672,0.848579,0.41096,0.0656577,0.263791,-0.561837,0.728486,-0.289933,-0.02343,0.853707,-0.0457195,-0.518214,-0.0771222,-0.407473,0.0769891,0.906692,0,0,0,0,0.0281866,0.692831,0.720344,-0.0172164,-0.055231,0.513714,0.00530781,0.856166,0.078002,0.447098,0.0570699,0.889248,0,0,0,0,0.309475,0.0402824,0.947938,-0.0633792,0,0,0,0,0,0,0,0,0,0,0,0,0,0,0,0,
0.243932,0.0469353,0.967654,-0.0440481,0.273743,0.0455505,0.959647,-0.0454786,0.301478,0.0371085,0.949066,-0.0837169,0,0,0,0,0.223012,-0.634065,0.659914,-0.33577,-0.407096,0.879114,0.238904,0.0659926,-0.643721,0.315411,0.0835484,0.692213,0.67927,-0.186234,-0.239377,-0.668288,0.174926,0.776854,0.589319,0.136393,0.154432,0.497024,0.463014,0.717451,0.0284148,0.958065,0.26507,0.105081,-0.324998,0.848658,0.412495,0.0632748,0.26555,-0.560945,0.726931,-0.293932,-0.0216885,0.857969,-0.0457641,-0.511198,-0.0793667,-0.415745,0.0792366,0.90254,0,0,0,0,0.0362027,0.693309,0.719644,-0.0111704,-0.0549657,0.506475,0.00426442,0.86049,0.0784775,0.447075,0.0563619,0.889263,0,0,0,0,0.303217,0.0427202,0.949816,-0.063909,0,0,0,0,0,0,0,0,0,0,0,0,0,0,0,0,
0.257277,0.0478414,0.964142,-0.0441616,0.288689,0.0463707,0.955207,-0.0457035,0.318203,0.0368305,0.943597,-0.0837571,0,0,0,0,0.240366,-0.630611,0.642609,-0.362778,-0.406983,0.879141,0.23405,0.0818317,-0.603693,-0.103519,-0.244468,0.751714,0.705178,0.195761,0.129092,-0.669132,0.17348,0.781665,0.581669,0.143405,0.15721,0.496257,0.463158,0.717285,0.0338819,0.958275,0.263608,0.105221,-0.324886,0.848626,0.412634,0.0633793,0.273482,-0.558075,0.72304,-0.301618,-0.0196169,0.864841,-0.0482035,-0.499341,-0.0779183,-0.422021,0.0814854,0.899548,0,0,0,0,0.0447254,0.692409,0.720109,-0.00350816,-0.0550747,0.494462,0.00388664,0.867444,0.0802761,0.44555,0.056666,0.889848,0,0,0,0,0.319967,0.0428021,0.944283,-0.0641744,0,0,0,0,0,0,0,0,0,0,0,0,0,0,0,0,
0.270934,0.0488897,0.960287,-0.0453057,0.301836,0.0473996,0.951027,-0.0468625,0.330866,0.0370761,0.939156,-0.0844875,0,0,0,0,0.254254,-0.617064,0.640508,-0.379916,-0.394688,0.883065,0.239717,0.0833895,-0.54606,-0.255214,-0.353782,0.715208,0.672302,0.339745,0.257985,-0.605002,0.175105,0.78385,0.576737,0.149305,0.158671,0.495463,0.463377,0.717371,0.0370955,0.958242,0.263094,0.105727,-0.324879,0.848597,0.412669,0.0635744,0.282002,-0.553828,0.719177,-0.3107,-0.0174674,0.871703,-0.0515055,-0.487008,-0.0794125,-0.433284,0.0830544,0.893902,0,0,0,0,0.0529176,0.692923,0.719062,0.00273755,-0.0560215,0.481899,0.00332195,0.874428,0.0785637,0.416183,0.0585763,0.903985,0,0,0,0,0.33267,0.0433929,0.939795,-0.065065,0,0,0,0,0,0,0,0,0,0,0,0,0,0,0,0,
0.285034,0.049722,0.956121,-0.0460039,0.311303,0.0484339,0.947893,-0.0473581,0.335491,0.0375198,0.937507,-0.0843778,0,0,0,0,0.256421,-0.619182,0.634113,-0.385696,-0.396152,0.878025,0.249193,0.100196,-0.54797,-0.258576,-0.345211,0.716726,0.691487,0.354748,0.226278,-0.587195,0.176631,0.785072,0.573553,0.153299,0.159296,0.49495,0.463674,0.717395,0.0381001,0.958173,0.263068,0.106056,-0.324914,0.848574,0.41267,0.0636925,0.289726,-0.55065,0.71494,-0.318912,-0.0149607,0.878596,-0.0549464,-0.474157,0.109033,0.881005,-0.0216478,-0.459862,0,0,0,0,0.0626511,0.691958,0.719136,0.0106115,-0.0565264,0.468878,0.00197721,0.88145,0.078339,0.421015,0.0579354,0.901805,0,0,0,0,0.337317,0.0440769,0.938107,-0.0650385,0,0,0,0,0,0,0,0,0,0,0,0,0,0,0,0,
0.292991,0.0508743,0.953617,-0.0467212,0.317885,0.0496322,0.94561,-0.0480385,0.340618,0.0386482,0.935576,-0.0847523,0,0,0,0,0.260041,-0.614725,0.634075,-0.390437,-0.400861,0.87276,0.23789,0.144942,-0.634601,-0.161687,-0.18037,0.733898,0.725841,0.218223,0.106658,-0.643551,0.179188,0.786287,0.569876,0.157752,0.160145,0.494297,0.463857,0.717538,0.0403347,0.958069,0.262883,0.106625,-0.324936,0.848552,0.412667,0.0638977,0.293796,-0.547319,0.713971,-0.323066,-0.0144152,0.882466,-0.0561505,-0.46679,-0.0855631,-0.547527,0.0741683,0.829091,0,0,0,0,0.0691528,0.692314,0.718104,0.0156602,-0.0564698,0.4614,0.0020161,0.885391,0.0789658,0.4315,0.056452,0.896875,0,0,0,0,0.342471,0.0452633,0.93615,-0.0654808,0,0,0,0,0,0,0,0,0,0,0,0,0,0,0,0,
0.307845,0.0520131,0.948829,-0.0474344,0.332361,0.0507648,0.940521,-0.048768,0.354525,0.0386169,0.93037,-0.0850384,0,0,0,0,0.264658,-0.614058,0.630396,-0.394321,-0.394727,0.872583,0.246571,0.148296,-0.656895,0.0783965,0.0275193,0.74939,0.727347,0.0195212,-0.161838,-0.666628,0.19913,0.771635,0.581127,0.164979,-0.0454557,-0.135715,-0.216856,0.965654,-0.147807,0.873288,0.414484,0.209102,-0.34405,0.844444,0.397136,0.104056,0.303256,-0.540893,0.71118,-0.3312,-0.0127176,0.889385,-0.0608056,-0.452918,-0.0837032,-0.514691,0.0805981,0.849465,0,0,0,0,0.0793696,0.693717,0.71545,0.0242351,-0.0566176,0.447434,0.00100927,0.892522,0.0792486,0.42968,0.0560553,0.897749,0,0,0,0,0.356426,0.0456425,0.930881,-0.0658629,0,0,0,0,0,0,0,0,0,0,0,0,0,0,0,0,
0.318648,0.0527934,0.945168,-0.0483191,0.341991,0.0515788,0.936974,-0.0496136,0.362888,0.0390276,0.927082,-0.085484,0,0,0,0,0.2679,-0.613369,0.626228,-0.399807,-0.388618,0.872778,0.251827,0.15433,-0.633709,-0.16609,-0.174449,0.735115,0.734958,0.254977,0.0439568,-0.626811,0.207528,0.767932,0.581393,0.170868,-0.0402964,-0.157473,-0.226636,0.96032,-0.136602,0.892294,0.38842,0.185149,-0.339998,0.845459,0.400604,0.0954797,0.308387,-0.53804,0.708421,-0.336972,-0.0115191,0.89438,-0.0628251,-0.442725,-0.083647,-0.505358,0.0833191,0.854795,0,0,0,0,0.0888513,0.692853,0.714894,0.0314092,-0.0573936,0.437101,-0.000440008,0.897579,0.0803692,0.434199,0.0556892,0.895494,0,0,0,0,0.364817,0.0462769,0.927552,-0.0664371,0,0,0,0,0,0,0,0,0,0,0,0,0,0,0,0,
0.325704,0.0542533,0.942688,-0.0480886,0.322577,0.0544125,0.943763,-0.0479085,0.316186,0.0458536,0.943841,-0.084196,0,0,0,0,-0.311311,0.638189,-0.604071,0.361798,-0.384492,0.870787,0.256819,0.16715,-0.625231,-0.203347,-0.191987,0.728613,0.742685,0.287004,0.064679,-0.601552,0.106845,0.855738,0.478407,0.165599,-0.0812683,-0.0796918,-0.195878,0.974,-0.254648,0.579804,0.696128,0.338212,-0.385138,0.828133,0.357472,0.195137,0.308442,-0.537271,0.708927,-0.337085,-0.00753646,0.897659,-0.061492,-0.436315,0.115868,0.99122,0.0215441,-0.059938,0,0,0,0,0.100234,0.697565,0.708226,0.0420885,-0.0594139,0.429946,-0.00105179,0.900897,0.0796639,0.43553,0.0554334,0.894927,0,0,0,0,0.318005,0.0512986,0.944492,-0.0646209,0,0,0,0,0,0,0,0,0,0,0,0,0,0,0,0,
0.331881,0.0553323,0.940511,-0.0472477,0.328412,0.055506,0.941728,-0.0470435,0.321547,0.046652,0.941975,-0.0843509,0,0,0,0,-0.315505,0.644647,-0.591595,0.367292,-0.378135,0.869461,0.267988,0.170982,-0.628103,-0.20903,-0.191202,0.724731,0.729504,0.286588,0.0756037,-0.616422,0.107926,0.855897,0.476495,0.169543,0.571734,0.167766,0.336022,0.729428,0.53948,0.629869,0.00997359,0.558683,0.637299,0.557673,-0.0818278,0.525505,0.30979,-0.535827,0.709463,-0.33702,-0.00491,0.900394,-0.0618183,-0.430632,0.104239,0.969089,0.052139,0.217443,0,0,0,0,0.110229,0.699299,0.70436,0.0520244,-0.0605096,0.423755,-0.00113788,0.903753,0.0777967,0.411935,0.0570747,0.90609,0,0,0,0,0.323373,0.0519035,0.942628,-0.0647174,0,0,0,0,0,0,0,0,0,0,0,0,0,0,0,0,
0.336769,0.0562666,0.93868,-0.0479542,0.331997,0.0565095,0.940379,-0.0476678,0.323707,0.0479615,0.941119,-0.0849006,0,0,0,0,-0.314101,0.64445,-0.59173,0.368619,-0.36044,0.867947,0.296051,0.170604,-0.59728,-0.330902,-0.295098,0.668339,0.696563,0.401239,0.19501,-0.561941,0.111306,0.856023,0.474483,0.17234,0.599445,0.271103,0.242329,0.713054,0.445804,0.615183,0.000847083,0.650237,0.450911,0.617834,0.0137353,0.644028,0.311047,-0.53385,0.70963,-0.338642,-0.00296963,0.902613,-0.0614469,-0.426034,0.105944,0.969148,0.0518601,0.216421,0,0,0,0,0.116524,0.700105,0.702172,0.0568402,-0.0610382,0.418869,-0.0014666,0.905992,0.0778322,0.412615,0.0568113,0.905794,0,0,0,0,0.325557,0.0532498,0.941755,-0.0653855,0,0,0,0,0,0,0,0,0,0,0,0,0,0,0,0,
0.342021,0.0573267,0.936683,-0.0485784,0.335116,0.0576827,0.939176,-0.0481551,0.324519,0.0490875,0.940753,-0.0852214,0,0,0,0,-0.310716,0.646156,-0.591706,0.368541,-0.360588,0.865052,0.295183,0.185817,-0.648116,-0.222092,-0.168965,0.70857,0.725651,0.294394,0.0636054,-0.618641,0.114083,0.856738,0.47154,0.175026,0.5986,0.270447,0.242378,0.713996,0.446021,0.615246,0.000886615,0.650028,0.45112,0.617899,0.0137725,0.643818,0.312061,-0.532517,0.709307,-0.34048,-0.000745178,0.904958,-0.061132,-0.421086,0.105637,0.956974,0.0568308,0.26422,0,0,0,0,0.124093,0.700003,0.700478,0.0626633,-0.0613498,0.41362,-0.00203732,0.908378,0.0770105,0.412258,0.0570809,0.90601,0,0,0,0,0.326393,0.0544806,0.941368,-0.0657757,0,0,0,0,0,0,0,0,0,0,0,0,0,0,0,0,
0.342676,0.0584462,0.936346,-0.0491241,0.339697,0.0586022,0.937431,-0.048938,0.333178,0.0490735,0.937637,-0.0861445,0,0,0,0,-0.319369,0.64989,-0.577151,0.377548,-0.345485,0.864306,0.313749,0.187557,-0.650754,-0.253734,-0.188604,0.690338,0.72737,0.335634,0.0691995,-0.594554,0.116478,0.85587,0.470688,0.179925,0.598091,0.27013,0.24235,0.714551,0.445914,0.615264,0.00094576,0.650085,0.451016,0.617916,0.013835,0.643874,0.311282,-0.530548,0.711575,-0.339535,-0.000555399,0.905277,-0.0608459,-0.420441,0.112012,0.979827,0.0455321,0.159122,0,0,0,0,0.12869,0.701538,0.697928,0.064649,-0.06196,0.412702,-0.00113886,0.908755,0.0782139,0.416213,0.0565598,0.90413,0,0,0,0,0.335093,0.0548131,0.938221,-0.0667023,0,0,0,0,0,0,0,0,0,0,0,0,0,0,0,0,
0.343277,0.0588057,0.936095,-0.0492913,0.342023,0.0588716,0.936554,-0.0492124,0.33733,0.048757,0.93616,-0.0862321,0,0,0,0,-0.323774,0.652519,-0.5689,0.381762,-0.341537,0.862896,0.316595,0.196292,-0.672199,0.0196523,0.0787352,0.735909,0.708018,0.0885172,-0.217673,-0.665953,0.117232,0.855398,0.470444,0.182299,0.604864,0.273968,0.242597,0.707267,0.442476,0.614821,0.00123838,0.652847,0.447685,0.617439,0.0141842,0.646642,0.311023,-0.529847,0.712402,-0.339131,-0.00121962,0.905616,-0.0601385,-0.419812,0.123145,0.988201,0.0385649,0.0824989,0,0,0,0,0.130781,0.702093,0.696821,0.0663409,-0.0620244,0.412051,-0.00105293,0.909047,0.0783681,0.414932,0.0567052,0.904696,0,0,0,0,0.339255,0.0547438,0.936716,-0.0668683,0,0,0,0,0,0,0,0,0,0,0,0,0,0,0,0,
0.345455,0.0588633,0.935244,-0.0501369,0.344875,0.0588944,0.935459,-0.0501003,0.340806,0.0484882,0.934777,-0.0877068,0,0,0,0,-0.319216,0.652105,-0.570937,0.383264,-0.337826,0.861508,0.318353,0.205741,-0.655225,-0.264213,-0.169262,0.687184,0.744972,0.337808,0.0522938,-0.57286,0.125383,0.852869,0.471469,0.186037,0.604403,0.274658,0.241454,0.707786,0.43994,0.61436,0.00128061,0.654991,0.44522,0.61696,0.0142668,0.648796,0.310915,-0.529335,0.712517,-0.339787,-0.00359029,0.906711,-0.0596171,-0.417502,0.12584,0.985858,0.0442621,0.101436,0,0,0,0,0.13487,0.703307,0.694547,0.0690863,-0.0627664,0.409864,-0.00183738,0.909983,0.0767849,0.40937,0.0566669,0.907364,0,0,0,0,0.342781,0.0547114,0.935337,-0.068211,0,0,0,0,0,0,0,0,0,0,0,0,0,0,0,0,
0.349605,0.0592481,0.933635,-0.0509054,0.349187,0.0592709,0.933791,-0.0508789,0.345269,0.0484489,0.933094,-0.0881861,0,0,0,0,-0.321852,0.654115,-0.564167,0.387634,-0.332857,0.861235,0.322034,0.209225,-0.660559,-0.264524,-0.159824,0.684212,0.753873,0.333349,0.0481175,-0.564126,0.128339,0.851188,0.472905,0.188066,0.603897,0.275634,0.24102,0.707986,0.438159,0.61427,0.00170271,0.656267,0.443486,0.616847,0.0147073,0.65008,0.311832,-0.52865,0.711702,-0.341715,-0.00530339,0.908603,-0.0598631,-0.413315,0.127905,0.985979,0.044827,0.0973474,0,0,0,0,0.140674,0.704564,0.691657,0.0735638,-0.0631121,0.405765,-0.00261986,0.911792,0.0773153,0.433145,0.0540129,0.896376,0,0,0,0,0.347265,0.054887,0.933631,-0.0687561,0,0,0,0,0,0,0,0,0,0,0,0,0,0,0,0,
0.353592,0.059101,0.932107,-0.051538,0.352988,0.0591343,0.932336,-0.0514997,0.348856,0.0480449,0.931733,-0.0886781,0,0,0,0,-0.322774,0.655919,-0.559409,0.390703,-0.324561,0.86243,0.327668,0.208586,-0.665013,-0.252364,-0.146107,0.687549,0.758963,0.326528,0.0258713,-0.562749,0.13166,0.849527,0.474124,0.190199,0.600528,0.278432,0.236347,0.711324,0.430829,0.612513,0.00136575,0.662731,0.436316,0.615067,0.0144998,0.65659,0.312728,-0.528299,0.710837,-0.343238,-0.00537221,0.910358,-0.0602015,-0.409384,0.126992,0.98327,0.0477264,0.121554,0,0,0,0,0.146771,0.705027,0.689402,0.0782307,-0.0640481,0.401849,-0.00424823,0.913454,0.0765577,0.433522,0.0541139,0.896253,0,0,0,0,0.350868,0.0546388,0.932262,-0.0692351,0,0,0,0,0,0,0,0,0,0,0,0,0,0,0,0,
0.358072,0.0590531,0.930357,-0.0522861,0.356333,0.0591507,0.931024,-0.0521756,0.350962,0.0480016,0.930883,-0.0893232,0,0,0,0,-0.322739,0.657056,-0.556765,0.392593,-0.31828,0.86265,0.332997,0.208914,-0.661843,-0.277385,-0.167465,0.676,0.755061,0.351617,0.0462889,-0.551457,0.134124,0.84843,0.474925,0.191371,0.599847,0.278522,0.236145,0.71193,0.430186,0.612489,0.00155233,0.663171,0.435691,0.615033,0.014692,0.657033,0.313463,-0.527153,0.710951,-0.344092,-0.00608944,0.912357,-0.0601236,-0.404911,0.132303,0.891213,-0.0302235,-0.432806,0,0,0,0,0.154748,0.705899,0.686008,0.0845677,-0.0654176,0.397379,-0.00593062,0.915301,0.0736425,0.430735,0.0527078,0.897923,0,0,0,0,0.353001,0.0546439,0.931419,-0.0697342,0,0,0,0,0,0,0,0,0,0,0,0,0,0,0,0,
0.359645,0.0594147,0.929698,-0.0527995,0.357582,0.0595317,0.930493,-0.0526676,0.351811,0.0481128,0.930485,-0.0900673,0,0,0,0,-0.321753,0.659669,-0.553544,0.393575,-0.314019,0.86244,0.337284,0.209351,-0.666753,-0.269496,-0.156771,0.676931,0.75939,0.34611,0.0320649,-0.550005,0.135143,0.848976,0.473082,0.192794,0.599805,0.279149,0.234462,0.712276,0.431973,0.611903,-3.28856e-005,0.662551,0.437437,0.614503,0.0131254,0.656401,0.313917,-0.525915,0.711404,-0.344636,-0.00499518,0.913063,-0.0596053,-0.403407,0.123207,0.972037,0.0568745,0.191647,0,0,0,0,0.157289,0.706576,0.684503,0.0864059,-0.0652503,0.395817,-0.00635836,0.915986,0.0718007,0.427152,0.0533372,0.899745,0,0,0,0,0.353874,0.0547679,0.931035,-0.0703411,0,0,0,0,0,0,0,0,0,0,0,0,0,0,0,0,
0.360292,0.05993,0.929383,-0.0533446,0.356573,0.0601428,0.930816,-0.0531046,0.349003,0.0486989,0.931471,-0.0904876,0,0,0,0,-0.322793,0.661285,-0.551974,0.392212,-0.31418,0.861414,0.336583,0.214405,-0.668317,-0.262127,-0.143008,0.681316,0.757289,0.337297,0.0195836,-0.558893,0.129785,0.85356,0.466312,0.19273,0.59964,0.278068,0.234899,0.712694,0.435121,0.612186,-0.00063985,0.660226,0.440495,0.614825,0.0124844,0.654063,0.313396,-0.5257,0.711601,-0.345031,-0.00424583,0.913381,-0.0589899,-0.402786,0.123528,0.973923,0.0554126,0.182054,0,0,0,0,0.159367,0.706501,0.683965,0.0874679,-0.0651361,0.395108,-0.00639468,0.9163,0.0708333,0.426204,0.052953,0.900294,0,0,0,0,0.351077,0.0552939,0.932039,-0.0706488,0,0,0,0,0,0,0,0,0,0,0,0,0,0,0,0,
0.361132,0.0600619,0.929017,-0.0538949,0.357152,0.060292,0.930554,-0.0536373,0.349234,0.0484778,0.931309,-0.0913783,0,0,0,0,-0.323006,0.662207,-0.550243,0.392915,-0.31265,0.861217,0.336652,0.217304,-0.66829,-0.263124,-0.139419,0.681701,0.75793,0.329662,0.0283395,-0.562194,0.129692,0.854368,0.464656,0.193212,0.600135,0.278923,0.234103,0.712205,0.436125,0.611893,-0.00145426,0.659832,0.441477,0.614562,0.0116787,0.653663,0.313368,-0.525073,0.711912,-0.345369,-0.0033264,0.913781,-0.0583095,-0.401986,0.121401,0.967497,0.0588465,0.213887,0,0,0,0,0.161335,0.707007,0.682826,0.0886634,-0.0657119,0.394363,-0.0155801,0.91647,0.0506908,0.42016,0.0548283,0.904373,0,0,0,0,0.351335,0.0551646,0.931892,-0.0714016,0,0,0,0,0,0,0,0,0,0,0,0,0,0,0,0,
0.361151,0.0606322,0.928951,-0.0542604,0.357171,0.0608639,0.930488,-0.0540003,0.349241,0.04886,0.931268,-0.0915567,0,0,0,0,-0.323322,0.662437,-0.549758,0.392945,-0.312194,0.860569,0.336292,0.221052,-0.664428,-0.282547,-0.153089,0.674734,0.751116,0.346708,0.0467893,-0.559847,0.128973,0.855738,0.461838,0.19438,0.570115,0.250376,0.236345,0.745936,0.447828,0.613453,-0.00244615,0.650476,0.452804,0.616242,0.0105012,0.644286,0.313225,-0.52428,0.71247,-0.345552,-0.00305283,0.913835,-0.057657,-0.40196,0.120583,0.964749,0.0600795,0.226075,0,0,0,0,0.161664,0.707324,0.682431,0.0885739,-0.0666908,0.394096,-0.0148747,0.916526,0.0537635,0.459625,0.0521849,0.884947,0,0,0,0,0.351346,0.0554989,0.931855,-0.0715632,0,0,0,0,0,0,0,0,0,0,0,0,0,0,0,0,
0.359236,0.0616183,0.929542,-0.0557143,0.354512,0.0619004,0.931354,-0.0554008,0.345831,0.0493855,0.932503,-0.0916492,0,0,0,0,-0.325019,0.663998,-0.548133,0.391177,-0.313902,0.858804,0.334455,0.228167,-0.669442,-0.256005,-0.118181,0.687271,0.745505,0.321651,0.0111497,-0.583643,0.122457,0.860662,0.454654,0.193791,0.571996,0.257312,0.23404,0.742857,0.444652,0.613134,-0.00202199,0.652952,0.449694,0.615894,0.0109626,0.646784,0.311188,-0.523739,0.713726,-0.345622,-0.00419845,0.913203,-0.0555761,-0.403675,0.120636,0.969993,0.0586355,0.202785,0,0,0,0,0.161058,0.707107,0.683141,0.0858975,-0.0689059,0.395484,-0.0146714,0.915767,0.0531276,0.448146,0.0522636,0.890849,0,0,0,0,0.347928,0.0560426,0.93309,-0.0717451,0,0,0,0,0,0,0,0,0,0,0,0,0,0,0,0,
0.358171,0.0623527,0.929864,-0.0563761,0.353371,0.0626426,0.931699,-0.0560538,0.344593,0.0496604,0.932924,-0.0918807,0,0,0,0,-0.325789,0.665236,-0.546459,0.390776,-0.312539,0.858645,0.33458,0.230443,-0.661082,-0.283673,-0.144542,0.679417,0.743012,0.341317,0.046149,-0.573852,0.119803,0.86278,0.451404,0.193631,0.572494,0.261002,0.232607,0.741635,0.443384,0.612897,-0.00202218,0.654036,0.448452,0.615651,0.0109805,0.647877,0.310046,-0.52337,0.714539,-0.345527,-0.00401518,0.912839,-0.0542464,-0.40468,0.122655,0.975948,0.0539776,0.17195,0,0,0,0,0.160864,0.707139,0.683293,0.0847811,-0.0569247,0.397725,-0.00333798,0.915731,0.059863,0.437709,0.0482305,0.895824,0,0,0,0,0.346707,0.0564534,0.933505,-0.0719459,0,0,0,0,0,0,0,0,0,0,0,0,0,0,0,0,
0.357789,0.0631831,0.929932,-0.0567561,0.353091,0.0634687,0.931726,-0.0564365,0.344402,0.049933,0.932972,-0.0919589,0,0,0,0,-0.326488,0.665621,-0.545463,0.390928,-0.309763,0.85933,0.335066,0.230932,-0.665678,-0.00187155,0.122021,0.736193,0.696082,0.0913675,-0.239645,-0.670591,0.118731,0.863794,0.449636,0.193881,0.572932,0.262304,0.232212,0.740961,0.443338,0.612828,-0.00211771,0.654131,0.448408,0.615585,0.0108889,0.647972,0.309553,-0.522666,0.71523,-0.345605,-0.00299544,0.912726,-0.0532697,-0.405075,0.129096,0.889692,-0.0292892,-0.436949,0,0,0,0,0.160807,0.707571,0.682912,0.0843555,-0.069962,0.396342,-0.0103103,0.915375,0.0525444,0.449075,0.049918,0.89055,0,0,0,0,0.346528,0.0568734,0.933537,-0.0720584,0,0,0,0,0,0,0,0,0,0,0,0,0,0,0,0,
0.357425,0.0633505,0.930055,-0.0568412,0.351657,0.0637014,0.932251,-0.0564477,0.341821,0.0504764,0.933883,-0.0920422,0,0,0,0,-0.32172,0.662923,-0.553656,0.387936,-0.306996,0.860252,0.335241,0.230941,-0.664299,-0.260452,-0.120049,0.69026,0.732716,0.325717,0.0155926,-0.597321,0.120173,0.863458,0.450478,0.192533,0.573002,0.263365,0.230984,0.740915,0.442972,0.612395,-0.00271427,0.654783,0.448053,0.615167,0.0103181,0.648623,0.309007,-0.522665,0.715669,-0.345187,-0.00248951,0.912582,-0.0528841,-0.405452,0.12543,0.888528,-0.0302399,-0.440308,0,0,0,0,0.16103,0.707687,0.682729,0.0844388,-0.0694109,0.396733,-0.0102897,0.915248,0.0529428,0.46232,0.0495216,0.883745,0,0,0,0,0.343952,0.0572591,0.934465,-0.072073,0,0,0,0,0,0,0,0,0,0,0,0,0,0,0,0,
0.355803,0.0641318,0.93062,-0.0569039,0.350315,0.0644658,0.9327,-0.0565252,0.340754,0.0507591,0.934267,-0.0919502,0,0,0,0,-0.322822,0.664911,-0.550729,0.387784,-0.304637,0.86085,0.335825,0.230989,-0.659196,-0.283145,-0.141661,0.682071,0.729436,0.345735,0.0408782,-0.588829,0.117302,0.865335,0.447789,0.192148,0.573659,0.264088,0.231394,0.74002,0.443795,0.612596,-0.00263688,0.654038,0.448853,0.615371,0.0103807,0.647874,0.308018,-0.522272,0.71675,-0.344421,-0.00203878,0.911929,-0.0519355,-0.407043,0.132575,0.9899,0.0373531,0.0335574,0,0,0,0,0.159627,0.708652,0.682186,0.0833895,-0.0697722,0.398066,-0.00929216,0.914652,0.0534119,0.478977,0.0485656,0.874854,0,0,0,0,0.342888,0.0577069,0.934828,-0.0720657,0,0,0,0,0,0,0,0,0,0,0,0,0,0,0,0,
0.352682,0.0646611,0.931759,-0.0570816,0.347542,0.0649748,0.933689,-0.0567244,0.338366,0.0510734,0.93513,-0.091832,0,0,0,0,-0.31945,0.663539,-0.556087,0.385272,-0.303811,0.860924,0.333736,0.234797,-0.657487,-0.287651,-0.14034,0.682109,0.724374,0.343291,0.0492532,-0.595825,0.117366,0.865964,0.446916,0.191303,0.5736,0.26503,0.231187,0.739794,0.443867,0.612631,-0.00260291,0.653957,0.448923,0.615406,0.0104148,0.647792,0.3053,-0.523493,0.717783,-0.342832,-0.00222885,0.910662,-0.0505009,-0.410048,0.128939,0.988047,0.0387501,0.0750696,0,0,0,0,0.158103,0.708341,0.683091,0.0815011,-0.0566097,0.402626,0.000943205,0.913612,0.0626684,0.452195,0.0465652,0.888495,0,0,0,0,0.340503,0.0581419,0.935674,-0.072051,0,0,0,0,0,0,0,0,0,0,0,0,0,0,0,0,
0.350327,0.0655196,0.932524,-0.0581127,0.34613,0.0657803,0.93409,-0.0578174,0.337984,0.0513554,0.935223,-0.0921269,0,0,0,0,-0.318358,0.665392,-0.554155,0.385764,-0.304,0.860557,0.333402,0.236367,-0.660098,-0.270269,-0.122258,0.690129,0.724128,0.321863,0.0384822,-0.608739,0.117584,0.866009,0.447242,0.1902,0.573906,0.265641,0.231109,0.739362,0.443984,0.612637,-0.00263065,0.653871,0.449039,0.615414,0.0103882,0.647705,0.303305,-0.523371,0.718829,-0.342598,-0.00326725,0.90981,-0.048421,-0.412177,0.120087,0.974732,0.0483936,0.182031,0,0,0,0,0.156662,0.708274,0.683817,0.0787368,-0.0587654,0.404463,0.000516484,0.912664,0.0648204,0.461314,0.0472476,0.883604,0,0,0,0,0.340116,0.0586688,0.935732,-0.0726967,0,0,0,0,0,0,0,0,0,0,0,0,0,0,0,0,
0.348362,0.0657106,0.933232,-0.0583436,0.34448,0.0659525,0.934672,-0.05807,0.33668,0.0516164,0.935664,-0.0922822,0,0,0,0,-0.315992,0.663807,-0.558336,0.384408,-0.299278,0.864183,0.332133,0.230885,-0.660414,-0.273642,-0.128196,0.687415,0.719403,0.320948,0.0522401,-0.613778,0.11841,0.865859,0.447691,0.189312,0.605012,0.266609,0.253974,0.705959,0.468357,0.618779,0.000953434,0.630676,0.47294,0.621559,0.0134856,0.624348,0.302015,-0.523495,0.719729,-0.341658,-0.0029691,0.908995,-0.0475276,-0.414078,0.12426,0.99186,0.0227269,-0.015993,0,0,0,0,0.155335,0.708528,0.684025,0.0772592,-0.0591953,0.406265,0.000699986,0.911835,0.064625,0.462723,0.0476095,0.882861,0,0,0,0,0.338814,0.0589581,0.936168,-0.0729244,0,0,0,0,0,0,0,0,0,0,0,0,0,0,0,0,
0.347082,0.0657818,0.933698,-0.0584375,0.344153,0.0659647,0.934781,-0.058231,0.33737,0.0515488,0.935399,-0.0924859,0,0,0,0,-0.313093,0.662181,-0.561978,0.384278,-0.296996,0.865956,0.330219,0.229933,-0.659038,-0.273863,-0.128467,0.688596,0.716123,0.322126,0.0517601,-0.617027,0.122386,0.863377,0.451542,0.188973,0.575166,0.268984,0.230688,0.737302,0.445643,0.612733,-0.00298553,0.65265,0.450671,0.615529,0.010027,0.646466,0.30121,-0.523606,0.720304,-0.340986,-0.00319348,0.908449,-0.0472999,-0.415299,0.116159,0.97297,0.0503684,0.193133,0,0,0,0,0.154464,0.708789,0.684049,0.0763978,-0.0683444,0.406292,-0.00701747,0.911157,0.0504843,0.447784,0.0500501,0.891311,0,0,0,0,0.339514,0.0589304,0.9359,-0.0731337,0,0,0,0,0,0,0,0,0,0,0,0,0,0,0,0,
0.345064,0.0655498,0.934447,-0.0586737,0.342892,0.0656859,0.935246,-0.0585212,0.336894,0.0509483,0.935559,-0.0929313,0,0,0,0,-0.311956,0.661656,-0.563543,0.383816,-0.294761,0.868781,0.327271,0.226336,-0.659174,-0.263934,-0.122098,0.693484,0.712932,0.308655,0.0521268,-0.627489,0.123151,0.86298,0.452308,0.188459,0.574974,0.268943,0.230446,0.737543,0.445412,0.612642,-0.00306685,0.652893,0.450446,0.61544,0.00995524,0.646709,0.300178,-0.523634,0.721201,-0.339955,-0.0028821,0.907566,-0.0469669,-0.417265,0.114443,0.971824,0.0523963,0.199285,0,0,0,0,0.152917,0.709382,0.683954,0.0748414,-0.0684962,0.408255,-0.00680576,0.910269,0.0506827,0.451892,0.0502201,0.889215,0,0,0,0,0.339058,0.0585191,0.936062,-0.0735023,0,0,0,0,0,0,0,0,0,0,0,0,0,0,0,0,
0.345009,0.0653849,0.934466,-0.0588844,0.344127,0.0654404,0.934791,-0.0588226,0.339503,0.050582,0.934604,-0.0932493,0,0,0,0,-0.309718,0.659838,-0.566351,0.384623,-0.294721,0.868909,0.325469,0.228488,-0.654736,-0.279107,-0.134229,0.689494,0.713079,0.317739,0.0715131,-0.620843,0.128659,0.860527,0.454449,0.190831,0.575221,0.268452,0.229639,0.73778,0.444587,0.612179,-0.00358196,0.653885,0.44965,0.614985,0.00947007,0.647702,0.30008,-0.523826,0.720998,-0.340176,-0.00290789,0.907544,-0.0469752,-0.41731,0.117426,0.972183,0.0567108,0.194566,0,0,0,0,0.152903,0.708987,0.684412,0.0744174,-0.0599503,0.409441,0.00436555,0.910354,0.0630545,0.463792,0.0434602,0.882628,0,0,0,0,0.341675,0.0582191,0.935101,-0.0738522,0,0,0,0,0,0,0,0,0,0,0,0,0,0,0,0,
0.346604,0.0646425,0.933892,-0.0594324,0.346709,0.0646359,0.933853,-0.0594397,0.343153,0.0496503,0.933277,-0.0936689,0,0,0,0,-0.309207,0.657666,-0.567719,0.386731,-0.291907,0.870682,0.324695,0.226441,-0.657251,-0.265847,-0.122193,0.694561,0.711747,0.305099,0.0594411,-0.629919,0.134501,0.85694,0.458788,0.192552,0.574442,0.268198,0.228358,0.738877,0.443027,0.611653,-0.00397529,0.655432,0.448137,0.614459,0.00911377,0.649254,0.300745,-0.523908,0.720168,-0.341219,-0.00226779,0.908195,-0.0478114,-0.415802,0.127882,0.972307,0.082151,0.177529,0,0,0,0,0.154932,0.707737,0.685176,0.0750818,-0.064597,0.407472,-0.00265408,0.910927,0.0480447,0.462635,0.046462,0.884026,0,0,0,0,0.345326,0.0574387,0.933764,-0.0744052,0,0,0,0,0,0,0,0,0,0,0,0,0,0,0,0,
0.34645,0.0643594,0.933956,-0.0596415,0.347388,0.0642995,0.933607,-0.0597062,0.344702,0.0489983,0.932708,-0.0940021,0,0,0,0,-0.308152,0.656392,-0.569304,0.387408,-0.291567,0.871105,0.323204,0.227387,-0.656528,-0.264269,-0.119384,0.696333,0.709742,0.305387,0.0538747,-0.632537,0.137991,0.85457,0.461998,0.192941,0.60658,0.265625,0.253229,0.705251,0.467181,0.618195,0.000221201,0.632121,0.47184,0.620976,0.0128094,0.625773,0.300754,-0.523926,0.720098,-0.341332,-0.00224603,0.908134,-0.0476952,-0.415948,0.113394,0.970835,0.0627925,0.201691,0,0,0,0,0.154701,0.707618,0.685408,0.0745657,-0.0650994,0.407616,-0.00312004,0.910825,0.0494986,0.472926,0.0465352,0.878479,0,0,0,0,0.346888,0.0569192,0.933193,-0.0746919,0,0,0,0,0,0,0,0,0,0,0,0,0,0,0,0,
0.344681,0.0640467,0.934642,-0.059474,0.346317,0.0639424,0.934037,-0.0595861,0.344368,0.0484934,0.932852,-0.0940528,0,0,0,0,-0.308698,0.655568,-0.57005,0.387273,-0.290058,0.872349,0.322597,0.225398,-0.655632,-0.270014,-0.126026,0.693799,0.70976,0.301417,0.0739652,-0.632391,0.137641,0.854119,0.463347,0.191952,0.606585,0.265469,0.253086,0.705357,0.467656,0.618085,-5.51646e-005,0.631877,0.472305,0.620878,0.012537,0.625525,0.299703,-0.524394,0.72085,-0.339948,-0.00270197,0.907331,-0.0479928,-0.41766,0.128801,0.886978,-0.0191949,-0.443072,0,0,0,0,0.153622,0.707894,0.685445,0.0738314,-0.0664799,0.409144,0.000909592,0.910044,0.0657323,0.452225,0.0454061,0.888319,0,0,0,0,0.346551,0.0564389,0.933345,-0.0747292,0,0,0,0,0,0,0,0,0,0,0,0,0,0,0,0,
0.34321,0.0637162,0.9352,-0.0595564,0.346023,0.0635367,0.934163,-0.0597479,0.345312,0.0477142,0.932505,-0.0944352,0,0,0,0,-0.309272,0.659253,-0.564326,0.388937,-0.291702,0.872209,0.321811,0.224944,-0.658763,-0.253301,-0.111027,0.699674,0.702705,0.28129,0.0665385,-0.650118,0.137771,0.8535,0.464583,0.191623,0.606522,0.265329,0.252805,0.705565,0.467698,0.617944,-0.000288021,0.631984,0.472347,0.620745,0.0123126,0.625629,0.298721,-0.525211,0.72097,-0.339296,-0.00336279,0.906708,-0.0476183,-0.419048,0.106412,0.957459,0.0669792,0.259737,0,0,0,0,0.152603,0.707447,0.686265,0.0726076,-0.0693072,0.410237,-0.000418291,0.909341,0.0517165,0.47688,0.0441179,0.876336,0,0,0,0,0.347506,0.0558001,0.933002,-0.0750513,0,0,0,0,0,0,0,0,0,0,0,0,0,0,0,0,
0.340403,0.063416,0.936224,-0.0599112,0.344049,0.063182,0.93489,-0.0601579,0.344218,0.0471864,0.932892,-0.0948694,0,0,0,0,-0.308923,0.658389,-0.565918,0.388364,-0.290913,0.873392,0.320613,0.223076,-0.658087,-0.257085,-0.115903,0.698137,0.698007,0.287196,0.070256,-0.652204,0.1374,0.853198,0.46594,0.189934,0.606263,0.265223,0.252333,0.705996,0.467369,0.617764,-0.000506823,0.632403,0.472026,0.620571,0.0121096,0.626048,0.296892,-0.525796,0.72196,-0.337887,-0.00417235,0.905519,-0.0467685,-0.421699,0.108982,0.964257,0.0647048,0.232691,0,0,0,0,0.150694,0.70765,0.686707,0.0704043,-0.0693602,0.412984,-0.000697325,0.908093,0.0511197,0.460705,0.0450507,0.884934,0,0,0,0,0.346427,0.0553894,0.933399,-0.0754033,0,0,0,0,0,0,0,0,0,0,0,0,0,0,0,0,
0.336438,0.0632515,0.937674,-0.059802,0.341414,0.062933,0.935874,-0.0601371,0.343001,0.0470762,0.933321,-0.095109,0,0,0,0,-0.309017,0.657031,-0.567855,0.387762,-0.289446,0.875325,0.318976,0.219732,-0.657915,-0.25688,-0.11839,0.697957,0.698686,0.277227,0.0853049,-0.653993,0.136597,0.852948,0.467452,0.187909,0.606314,0.265068,0.252252,0.706039,0.467915,0.617673,-0.00076664,0.632088,0.472559,0.620492,0.0118519,0.62573,0.294187,-0.526891,0.723488,-0.335268,-0.00517564,0.90383,-0.0452279,-0.425462,0.116063,0.985818,0.0505686,0.110161,0,0,0,0,0.148246,0.708063,0.687023,0.0683291,-0.0695493,0.416761,7.57942e-005,0.906351,0.0510342,0.460008,0.044612,0.885324,0,0,0,0,0.345203,0.0551687,0.933847,-0.0756353,0,0,0,0,0,0,0,0,0,0,0,0,0,0,0,0,
0.333378,0.0629409,0.938784,-0.0598603,0.33935,0.0625583,0.936641,-0.0602599,0.341969,0.0463929,0.933691,-0.0955322,0,0,0,0,-0.309238,0.655345,-0.570042,0.387231,-0.288038,0.877169,0.317103,0.216921,-0.654689,-0.271216,-0.134167,0.692693,0.693643,0.28666,0.109552,-0.651677,0.13613,0.852388,0.469381,0.185969,0.606561,0.264908,0.252313,0.705865,0.46842,0.617622,-0.000952349,0.631764,0.473051,0.620451,0.0116662,0.625402,0.29226,-0.527914,0.724266,-0.333662,-0.0063955,0.902487,-0.0447374,-0.42834,0.114433,0.985206,0.050538,0.117131,0,0,0,0,0.146093,0.707988,0.68777,0.0662023,-0.0693456,0.419763,0.000280376,0.904981,0.0519946,0.472641,0.0438318,0.878627,0,0,0,0,0.344187,0.0545888,0.934232,-0.0759353,0,0,0,0,0,0,0,0,0,0,0,0,0,0,0,0,
0.328644,0.0626772,0.940468,-0.0598747,0.335749,0.0622226,0.937955,-0.060347,0.339588,0.0462234,0.93454,-0.0958021,0,0,0,0,-0.309246,0.65388,-0.572701,0.385774,-0.285075,0.880588,0.31456,0.210593,-0.658757,-0.243091,-0.113389,0.702914,0.690668,0.256014,0.0931774,-0.66989,0.133894,0.853264,0.469345,0.183654,0.606898,0.265022,0.253005,0.705285,0.469239,0.617864,-0.000728732,0.630919,0.473846,0.620694,0.0118709,0.624555,0.28931,-0.529159,0.725751,-0.331023,-0.00636706,0.90038,-0.0435478,-0.432872,0.10844,0.973057,0.0589873,0.194734,0,0,0,0,0.142546,0.708562,0.688219,0.0630576,-0.0693006,0.424295,0.00184443,0.902866,0.0525384,0.466253,0.0439817,0.881994,0,0,0,0,0.341795,0.0543043,0.935104,-0.0762057,0,0,0,0,0,0,0,0,0,0,0,0,0,0,0,0,
0.322269,0.0624916,0.942681,-0.0599273,0.332,0.0618685,0.939297,-0.0605704,0.338607,0.0455528,0.934858,-0.0964871,0,0,0,0,-0.309546,0.651044,-0.575993,0.385429,-0.284045,0.883002,0.311404,0.206529,-0.655327,-0.25351,-0.127354,0.700043,0.678308,0.274677,0.0993789,-0.674222,0.133978,0.852027,0.472599,0.18097,0.616755,0.263562,0.261111,0.69424,0.47863,0.619515,0.000167157,0.622185,0.483038,0.622369,0.0125926,0.61577,0.284978,-0.53109,0.727681,-0.327433,-0.00876993,0.897575,-0.0416175,-0.438806,0.116206,0.884917,-0.0234723,-0.450407,0,0,0,0,0.138561,0.708176,0.689779,0.0590918,-0.069334,0.430338,0.00277901,0.899997,0.0531896,0.470656,0.0435868,0.879633,0,0,0,0,0.340832,0.0536787,0.935448,-0.0767427,0,0,0,0,0,0,0,0,0,0,0,0,0,0,0,0,
0.319531,0.061925,0.943633,-0.0601898,0.330093,0.0612462,0.93999,-0.0608804,0.337479,0.044071,0.935227,-0.0975517,0,0,0,0,-0.308775,0.649514,-0.578562,0.38478,-0.281813,0.887709,0.306323,0.196773,-0.652783,-0.242961,-0.129239,0.705791,-0.675189,-0.2632,-0.101304,0.681603,0.134497,0.850996,0.475082,0.178924,0.611682,0.263938,0.2565,0.700278,0.474915,0.618364,-0.00101604,0.626163,0.479399,0.621236,0.0115088,0.619765,0.283443,-0.531779,0.728349,-0.326159,-0.00967365,0.896349,-0.0408215,-0.441359,0.116977,0.88411,-0.0241693,-0.451754,0,0,0,0,0.1364,0.708204,0.690377,0.0567621,-0.064197,0.43374,0.0102353,0.89869,0.0688178,0.437171,0.0402932,0.895836,0,0,0,0,0.339741,0.0524216,0.935851,-0.0775278,0,0,0,0,0,0,0,0,0,0,0,0,0,0,0,0,
0.312336,0.0614302,0.946029,-0.060839,0.325496,0.060576,0.941582,-0.0616896,0.335696,0.0433555,0.93584,-0.0981375,0,0,0,0,-0.308221,0.648154,-0.58101,0.383829,-0.279598,0.891167,0.302752,0.189703,-0.630289,-0.320039,-0.208594,0.675869,-0.648166,-0.339061,-0.183318,0.656744,0.133755,0.850734,0.476687,0.176442,0.601578,0.265305,0.249179,0.711075,0.46848,0.616849,-0.00217907,0.632471,0.473085,0.619729,0.010486,0.626112,0.278943,-0.53369,0.730064,-0.323068,-0.013253,0.893098,-0.0392079,-0.447954,0.116979,0.883306,-0.023576,-0.453355,0,0,0,0,0.130759,0.707011,0.693176,0.050446,-0.0693052,0.439853,0.00626697,0.89537,0.0518993,0.445119,0.0437239,0.892896,0,0,0,0,0.337964,0.0517932,0.936483,-0.0780898,0,0,0,0,0,0,0,0,0,0,0,0,0,0,0,0,
0.307534,0.060922,0.947644,-0.0606848,0.322463,0.059956,0.942668,-0.0616395,0.334581,0.0427589,0.936257,-0.0982367,0,0,0,0,-0.308922,0.647134,-0.582062,0.383389,-0.278088,0.895496,0.29632,0.181519,-0.642169,-0.27247,-0.170871,0.695832,-0.651972,-0.301435,-0.13531,0.682467,0.132598,0.850309,0.478552,0.174301,0.601287,0.265262,0.248905,0.711432,0.4685,0.616752,-0.00233669,0.63255,0.473102,0.619639,0.0103365,0.626191,0.276713,-0.534727,0.73117,-0.320759,-0.0138667,0.890864,-0.0381062,-0.452457,0.117734,0.882608,-0.0227851,-0.454557,0,0,0,0,0.125811,0.70867,0.692661,0.0466787,-0.069016,0.444465,0.00810296,0.893097,0.0528063,0.458221,0.0430571,0.886223,0,0,0,0,0.336822,0.0510565,0.93692,-0.0782595,0,0,0,0,0,0,0,0,0,0,0,0,0,0,0,0,
0.299855,0.0604246,0.950134,-0.0606763,0.318218,0.0592369,0.944142,-0.0618362,0.333937,0.0411437,0.936464,-0.0991433,0,0,0,0,-0.308461,0.645356,-0.5845,0.383051,-0.281022,0.904043,0.274131,0.16907,-0.638755,-0.244863,-0.157858,0.71212,-0.657964,-0.25781,-0.140333,0.693487,0.133585,0.848843,0.481553,0.172416,0.599416,0.265285,0.247111,0.713625,0.466875,0.616253,-0.00279591,0.634234,0.47151,0.619147,0.00991852,0.627883,0.273876,-0.535962,0.732437,-0.318234,-0.0159031,0.887198,-0.0378439,-0.459559,0.118685,0.882029,-0.020722,-0.455533,0,0,0,0,0.1164,0.712095,0.691251,0.0392881,-0.0680487,0.451828,0.0107294,0.889441,0.053672,0.46228,0.0424583,0.884089,0,0,0,0,0.336185,0.0495619,0.93716,-0.079081,0,0,0,0,0,0,0,0,0,0,0,0,0,0,0,0,
0.298496,0.0597781,0.950584,-0.0609634,0.317052,0.0585729,0.944557,-0.0621222,0.332887,0.0396894,0.936808,-0.100006,0,0,0,0,-0.308204,0.644016,-0.586453,0.382527,-0.281466,0.906012,0.271761,0.161449,-0.612362,-0.321608,-0.237055,0.682192,-0.64358,-0.335438,-0.217501,0.65267,0.133668,0.848004,0.483688,0.170492,0.599513,0.265325,0.247366,0.71344,0.467265,0.616342,-0.00273521,0.63386,0.47189,0.619238,0.0099752,0.627506,0.273423,-0.536133,0.732667,-0.317806,-0.0163871,0.886532,-0.0379166,-0.46082,0.119759,0.881307,-0.019649,-0.456694,0,0,0,0,0.115105,0.711969,0.691688,0.0376835,-0.0682154,0.453182,0.0106461,0.88874,0.0550099,0.46287,0.0419481,0.883722,0,0,0,0,0.335155,0.0482666,0.937539,-0.0797675,0,0,0,0,0,0,0,0,0,0,0,0,0,0,0,0,
0.285279,0.0596218,0.954686,-0.0602965,0.309709,0.0580532,0.947043,-0.0618082,0.331895,0.0390138,0.937197,-0.0999252,0,0,0,0,-0.309049,0.642393,-0.588096,0.382052,-0.279083,0.90875,0.270271,0.152447,-0.643607,-0.209754,-0.144917,0.721646,-0.650896,-0.202959,-0.15237,0.71549,0.132813,0.846991,0.486533,0.168084,0.597543,0.265533,0.245952,0.715501,0.466063,0.61602,-0.00297632,0.635055,0.47071,0.61892,0.00976486,0.628708,0.267298,-0.538976,0.735277,-0.312128,-0.0192343,0.880161,-0.0358261,-0.472931,0.1197,0.880773,-0.0220923,-0.457628,0,0,0,0,0.101155,0.716212,0.689982,0.0270805,-0.0696323,0.465183,0.0218457,0.882201,0.0751243,0.429133,0.0363965,0.899376,0,0,0,0,0.334122,0.0473902,0.937948,-0.0798138,0,0,0,0,0,0,0,0,0,0,0,0,0,0,0,0,
0.281529,0.0590586,0.955831,-0.0603477,0.306897,0.0574296,0.94799,-0.0618999,0.330041,0.0378682,0.937858,-0.100306,0,0,0,0,-0.307509,0.641657,-0.590632,0.380615,-0.269813,0.917907,0.262677,0.125096,-0.642325,-0.209236,-0.169238,0.717633,-0.653546,-0.212962,-0.164651,0.7074,0.132715,0.846085,0.488931,0.165752,0.592656,0.265477,0.241058,0.72123,0.461133,0.614589,-0.00415403,0.640016,0.465883,0.6175,0.00870321,0.633696,0.265751,-0.539648,0.735989,-0.310608,-0.0209685,0.878254,-0.0366233,-0.476328,0.12371,0.879757,-0.019809,-0.458618,0,0,0,0,0.0976332,0.71619,0.690632,0.0238008,-0.0693553,0.468762,0.0221826,0.880318,0.0754382,0.436094,0.0372886,0.895958,0,0,0,0,0.332259,0.0462722,0.938635,-0.0801685,0,0,0,0,0,0,0,0,0,0,0,0,0,0,0,0,
0.278576,0.0580972,0.956758,-0.0602849,0.305666,0.0563598,0.948451,-0.0619123,0.330546,0.0344662,0.937821,-0.100213,0,0,0,0,-0.308034,0.640201,-0.591909,0.380659,-0.270435,0.926158,0.242382,0.101722,-0.633759,-0.192027,-0.180252,0.727313,-0.660964,-0.205463,-0.164435,0.702761,0.134808,0.841908,0.49631,0.163382,0.576342,0.267419,0.229772,0.737239,0.44763,0.611972,-0.00481823,0.651993,0.452649,0.614843,0.00828252,0.645761,0.265357,-0.53964,0.73662,-0.30946,-0.0217659,0.87674,-0.0369745,-0.479047,-0.0942961,-0.44842,0.089956,0.884271,0,0,0,0,0.0943259,0.715627,0.691773,0.0207612,-0.0758321,0.470582,0.0192921,0.87888,0.0633604,0.484342,0.0398323,0.871672,0,0,0,0,0.332762,0.0434748,0.938588,-0.0801983,0,0,0,0,0,0,0,0,0,0,0,0,0,0,0,0,
0.274897,0.0570494,0.957878,-0.0603952,0.304112,0.0551725,0.949007,-0.0621145,0.331136,0.0320961,0.937645,-0.100704,0,0,0,0,-0.306269,0.638242,-0.59503,0.380507,-0.273404,0.927104,0.237452,0.0966668,-0.620043,-0.216716,-0.210429,0.724086,-0.637056,-0.198,-0.233621,0.707373,0.139212,0.836614,0.504825,0.160777,0.575331,0.267238,0.228634,0.738448,0.446643,0.611546,-0.00519965,0.653066,0.451694,0.614423,0.00793669,0.646834,0.264403,-0.539928,0.737325,-0.30809,-0.0222944,0.874851,-0.0374231,-0.48243,-0.092857,-0.441151,0.0888808,0.88818,0,0,0,0,0.0906105,0.715573,0.692423,0.0171849,-0.0748593,0.474279,0.0202993,0.876951,0.0631624,0.483974,0.0394056,0.87191,0,0,0,0,0.333338,0.0412034,0.938443,-0.0807012,0,0,0,0,0,0,0,0,0,0,0,0,0,0,0,0,
0.268977,0.0560986,0.959617,-0.060327,0.301577,0.0540066,0.949876,-0.0622068,0.332053,0.0296463,0.937362,-0.101069,0,0,0,0,-0.303159,0.63581,-0.599571,0.37994,-0.267751,0.931769,0.241263,0.0436829,-0.595532,-0.128246,-0.214712,0.763409,0.699891,0.206221,0.109837,-0.674953,0.145533,0.829688,0.515179,0.158202,0.573792,0.267183,0.227168,0.740115,0.444908,0.611067,-0.00548366,0.654694,0.450014,0.61394,0.00769631,0.648464,0.262891,-0.540029,0.738716,-0.305868,-0.0238535,0.871814,-0.0378501,-0.487789,-0.0896002,-0.449723,0.0855034,0.88454,0,0,0,0,0.0844225,0.714484,0.694444,0.0115387,-0.0640086,0.481481,0.020411,0.873878,0.0723701,0.4317,0.0411009,0.89817,0,0,0,0,0.334248,0.038951,0.938182,-0.0810857,0,0,0,0,0,0,0,0,0,0,0,0,0,0,0,0,
0.26626,0.0549888,0.96045,-0.0601483,0.300538,0.052796,0.950282,-0.0620819,0.332748,0.0277502,0.937248,-0.100375,0,0,0,0,-0.301279,0.634032,-0.602877,0.379175,-0.279862,0.935272,0.212019,0.044621,-0.601883,-0.0860626,-0.180884,0.773053,-0.687953,-0.131149,-0.129356,0.701988,0.150281,0.822769,0.525715,0.155213,0.571998,0.267334,0.225847,0.741851,0.443116,0.61071,-0.00555356,0.65624,0.448278,0.613573,0.00766419,0.650013,0.262552,-0.540631,0.738789,-0.304918,-0.024009,0.87037,-0.0385446,-0.4903,0.121588,0.878562,-0.0186213,-0.461518,0,0,0,0,0.081014,0.713373,0.696034,0.00850031,-0.0696742,0.483274,0.0210545,0.872438,0.0637051,0.478106,0.0408667,0.875035,0,0,0,0,0.334884,0.0369817,0.938072,-0.0806625,0,0,0,0,0,0,0,0,0,0,0,0,0,0,0,0,
0.263706,0.0538163,0.961218,-0.0601896,0.299261,0.0515414,0.950749,-0.0621488,0.332792,0.0261869,0.937258,-0.100556,0,0,0,0,-0.301057,0.63166,-0.605844,0.378581,-0.280267,0.936612,0.207855,0.0317012,-0.594295,-0.0750515,-0.190041,0.77786,-0.687412,-0.115491,-0.149981,0.701164,0.152478,0.819026,0.53151,0.153112,0.570968,0.267597,0.225449,0.742671,0.442436,0.610693,-0.0053908,0.656715,0.447617,0.613548,0.00783901,0.650489,0.26183,-0.540959,0.73934,-0.303619,-0.0242939,0.869015,-0.0390601,-0.492644,-0.0859892,-0.421423,0.0866806,0.898607,0,0,0,0,0.0788232,0.712602,0.697099,0.00620245,-0.0593833,0.487294,0.0239856,0.870886,0.072243,0.429725,0.0393558,0.899204,0,0,0,0,0.334887,0.0351594,0.938129,-0.0808012,0,0,0,0,0,0,0,0,0,0,0,0,0,0,0,0,
0.261528,0.0523794,0.961876,-0.0604468,0.29776,0.0500532,0.951284,-0.0623867,0.332024,0.0254412,0.93751,-0.100936,0,0,0,0,0.259354,-0.603764,0.627231,-0.418075,-0.285293,0.941217,0.180184,0.0158629,-0.62112,0.187849,0.00178663,0.760868,-0.694598,0.14112,0.0558239,0.703209,0.153971,0.816485,0.535583,0.150984,0.569823,0.267819,0.225011,0.743603,0.442069,0.610667,-0.00533204,0.656988,0.447258,0.613519,0.00790495,0.650763,0.261165,-0.541418,0.739668,-0.302574,-0.0237213,0.867842,-0.0397567,-0.494679,-0.0854176,-0.394361,0.0883296,0.910704,0,0,0,0,0.0769627,0.71155,0.698397,0.0038468,-0.0601227,0.489369,0.0242773,0.869663,0.072996,0.431743,0.0394459,0.898172,0,0,0,0,0.334068,0.0339387,0.938433,-0.0811735,0,0,0,0,0,0,0,0,0,0,0,0,0,0,0,0,
0.258255,0.0510151,0.962844,-0.0602845,0.295351,0.0486421,0.952119,-0.062215,0.33053,0.0245188,0.938083,-0.100742,0,0,0,0,0.258981,-0.603683,0.629613,-0.414828,-0.28235,0.944703,0.166641,-0.00667676,-0.619415,0.200997,-0.011004,0.758817,-0.689544,0.16186,0.0291234,0.705325,0.155325,0.812437,0.542336,0.147279,0.598122,0.2659,0.246931,0.714543,0.465357,0.616514,-0.00211488,0.635097,0.470106,0.619369,0.0106626,0.628704,0.259887,-0.541797,0.740762,-0.300311,-0.0227499,0.86612,-0.0398806,-0.497723,-0.0858239,-0.397171,0.0863746,0.909631,0,0,0,0,0.0744463,0.710586,0.699659,0.00143541,-0.0746703,0.490389,0.0279871,0.867848,0.0680267,0.494045,0.0363182,0.86601,0,0,0,0,0.33253,0.0327239,0.939041,-0.0809616,0,0,0,0,0,0,0,0,0,0,0,0,0,0,0,0,
0.254071,0.0497845,0.964029,-0.0601521,0.2922,0.0473535,0.953164,-0.062084,0.3284,0.0224241,0.93889,-0.10068,0,0,0,0,0.259277,-0.600558,0.635163,-0.410699,-0.280547,0.947119,0.153686,-0.0252961,-0.618559,0.182554,-0.0432219,0.763014,-0.678385,0.161577,-0.0313289,0.716035,0.156147,0.808305,0.549331,0.143165,0.597735,0.265984,0.246724,0.714908,0.465084,0.616495,-0.00209404,0.635316,0.469845,0.619347,0.0106923,0.62892,0.258358,-0.542352,0.741796,-0.298066,-0.0242168,0.863908,-0.0401245,-0.501464,-0.0862373,-0.398118,0.0856529,0.909246,0,0,0,0,0.0710302,0.709492,0.701122,-0.00178402,-0.0582689,0.496712,0.0267241,0.865545,0.0779833,0.414705,0.0404974,0.905703,0,0,0,0,0.330385,0.0307479,0.939879,-0.0807963,0,0,0,0,0,0,0,0,0,0,0,0,0,0,0,0,
0.252114,0.0480343,0.964622,-0.060303,0.29019,0.0456037,0.953858,-0.0621614,0.326246,0.0205793,0.939616,-0.101305,0,0,0,0,0.258477,-0.598538,0.640216,-0.406283,-0.284319,0.947695,0.14009,-0.0375695,-0.613766,0.206018,-0.0434276,0.760895,-0.68432,0.17969,-0.027785,0.706149,0.157871,0.804377,0.555486,0.139607,0.597517,0.266059,0.246712,0.715066,0.465117,0.616526,-0.00205518,0.635261,0.46988,0.619378,0.010733,0.628863,0.257513,-0.543172,0.742037,-0.296702,-0.0239159,0.862812,-0.0412419,-0.503272,-0.0869017,-0.391131,0.084716,0.912298,0,0,0,0,0.0700854,0.708897,0.701814,-0.00327052,-0.0619252,0.498208,0.0261655,0.864447,0.0788411,0.411183,0.0413712,0.907194,0,0,0,0,0.328212,0.028755,0.940671,-0.0811703,0,0,0,0,0,0,0,0,0,0,0,0,0,0,0,0,
0.244478,0.0458557,0.966683,-0.0604356,0.271714,0.0441285,0.959383,-0.0617081,0.29583,0.0196667,0.949786,-0.100025,0,0,0,0,-0.228965,0.659093,-0.633194,0.335018,-0.294002,0.936559,0.183036,-0.0540216,-0.593871,0.20315,-0.102423,0.771724,0.709005,-0.126137,0.0108961,-0.693745,0.174924,0.775669,0.594759,0.118322,0.190637,0.544974,0.520417,0.629148,-0.165289,0.499771,0.190548,0.828613,0.596334,-0.686758,0.086912,-0.406442,0.253284,-0.547108,0.741895,-0.29345,-0.0249247,0.858779,-0.0408185,-0.51011,-0.0911905,-0.411083,0.0822374,0.903289,0,0,0,0,0.0646477,0.702668,0.708519,-0.00890452,-0.0601078,0.505537,0.0249747,0.860346,0.0770267,0.417868,0.0415778,0.904281,0,0,0,0,0.29776,0.0278787,0.950908,-0.079596,0,0,0,0,0,0,0,0,0,0,0,0,0,0,0,0,
0.242865,0.0443335,0.9671,-0.0613883,0.269579,0.0426149,0.959996,-0.0625936,0.293245,0.0184855,0.950597,-0.100158,0,0,0,0,-0.227776,0.659653,-0.634043,0.333116,-0.29779,0.945335,0.113105,-0.0697802,-0.604422,0.233977,-0.0713209,0.758183,-0.666158,0.20693,-0.0562117,0.714321,0.172652,0.776653,0.59444,0.1168,0.183747,0.540056,0.529859,0.627555,-0.171732,0.508863,0.200707,0.819319,0.60629,-0.613305,0.131548,-0.488841,0.251464,-0.549264,0.74105,-0.293122,-0.023298,0.857922,-0.0408617,-0.511622,-0.0882289,-0.390964,0.0830026,0.9124,0,0,0,0,0.0644261,0.703279,0.707908,-0.0106881,-0.0597862,0.507202,0.0229692,0.859444,0.0720149,0.432281,0.0402662,0.897957,0,0,0,0,0.295182,0.026888,0.951742,-0.0795717,0,0,0,0,0,0,0,0,0,0,0,0,0,0,0,0,
0.241173,0.0423011,0.967585,-0.0618479,0.268307,0.0405439,0.960415,-0.0630138,0.292354,0.0157968,0.950808,-0.101211,0,0,0,0,-0.226843,0.659079,-0.635525,0.332062,-0.299929,0.944724,0.108349,-0.0761545,-0.598868,0.224545,-0.0904259,0.763387,-0.649768,0.223195,-0.114829,0.717496,0.173505,0.774551,0.597159,0.115624,0.177491,0.563815,0.540619,0.598616,-0.171883,0.521919,0.193077,0.812882,0.612394,-0.597191,0.152835,-0.494952,0.250499,-0.551209,0.740159,-0.292545,-0.0233278,0.856975,-0.0414174,-0.513162,-0.105121,-0.424652,0.0905637,0.894661,0,0,0,0,0.0633345,0.70246,0.708785,-0.0127598,-0.0587414,0.509105,0.0222943,0.858408,0.0723771,0.43662,0.0406449,0.895808,0,0,0,0,0.294295,0.0243275,0.952028,-0.0802544,0,0,0,0,0,0,0,0,0,0,0,0,0,0,0,0,
0.240626,0.0406517,0.967804,-0.0616559,0.266854,0.0389601,0.960903,-0.0627385,0.290054,0.0149524,0.951547,-0.101008,0,0,0,0,-0.225116,0.659248,-0.637295,0.329499,-0.287034,0.949619,0.0278467,-0.122721,-0.628461,0.122076,-0.156243,0.752145,-0.629789,0.149709,-0.192707,0.737439,0.172781,0.772667,0.600187,0.113614,0.172437,0.573043,0.562664,0.570347,-0.221936,0.316656,0.130847,0.912882,-0.377351,0.244636,-0.612093,0.650463,0.250564,-0.552237,0.739644,-0.291853,-0.0231569,0.856633,-0.0419079,-0.513699,-0.0858301,-0.407124,0.0832445,0.905513,0,0,0,0,0.0633769,0.701781,0.70945,-0.0129256,-0.0602395,0.509631,0.021088,0.858022,0.0734109,0.450504,0.0398223,0.888859,0,0,0,0,0.291911,0.0228359,0.952826,-0.0799288,0,0,0,0,0,0,0,0,0,0,0,0,0,0,0,0,
0.244273,0.0385028,0.966936,-0.0623182,0.270049,0.0368222,0.960056,-0.0633258,0.292838,0.0131659,0.9507,-0.101208,0,0,0,0,-0.229095,0.655361,-0.638567,0.332039,-0.270036,0.950261,0.00563782,-0.155091,-0.638841,0.218686,-0.103726,0.730273,-0.637569,0.251924,-0.147458,0.712949,0.176721,0.762654,0.612502,0.109405,0.12721,0.563314,0.570168,0.584298,-0.24188,0.513068,0.147399,0.810265,-0.482432,0.497845,-0.312901,0.649233,0.251423,-0.554188,0.737309,-0.293322,-0.0230362,0.858513,-0.0425436,-0.510505,-0.0845942,-0.396689,0.0832155,0.910251,0,0,0,0,0.0684184,0.698434,0.712325,-0.0101005,-0.0599695,0.506752,0.017908,0.859817,0.0734688,0.449562,0.0410568,0.889275,0,0,0,0,0.294675,0.0209971,0.952013,-0.0799759,0,0,0,0,0,0,0,0,0,0,0,0,0,0,0,0,
0.243834,0.0355462,0.967113,-0.0630378,0.272026,0.0336866,0.959565,-0.0640509,0.29739,0.0111073,0.949378,-0.10058,0,0,0,0,-0.230695,0.652477,-0.639704,0.334413,-0.269299,0.948772,-0.00723917,-0.165097,-0.63955,0.273686,-0.0694124,0.71502,-0.64281,0.324703,-0.144001,0.678695,0.192163,0.728663,0.650367,0.0956369,0.0806687,0.564223,0.553194,0.607553,-0.288964,0.486434,0.102589,0.818143,-0.436382,0.483483,-0.370955,0.661972,0.251435,-0.556683,0.735226,-0.293816,-0.0245748,0.858169,-0.0444876,-0.510845,-0.0793062,-0.442185,0.0810593,0.889726,0,0,0,0,0.0675403,0.696165,0.714588,-0.012533,-0.0588119,0.507694,0.0161864,0.859375,0.073597,0.456026,0.0413139,0.885955,0,0,0,0,0.29924,0.0195012,0.950647,-0.0796593,0,0,0,0,0,0,0,0,0,0,0,0,0,0,0,0,
0.242531,0.0348637,0.967473,-0.0629273,0.271084,0.0329843,0.959864,-0.0639325,0.296891,0.0108206,0.949568,-0.100292,0,0,0,0,-0.232385,0.650067,-0.641718,0.334078,-0.283486,0.944746,-0.0314802,-0.161555,-0.62814,0.212443,-0.121191,0.738662,-0.617208,0.29459,-0.230678,0.692141,0.190821,0.728535,0.651048,0.0946599,0.0693826,0.598687,0.561447,0.567043,-0.282641,0.475119,0.0746709,0.82994,-0.466485,0.456917,-0.364364,0.663971,0.251317,-0.556685,0.735554,-0.29309,-0.0245533,0.857436,-0.0456104,-0.511976,-0.0798355,-0.416797,0.0807526,0.901879,0,0,0,0,0.066033,0.696281,0.714591,-0.0138463,-0.0586463,0.508954,0.0165272,0.858635,0.0736968,0.470229,0.0401919,0.878543,0,0,0,0,0.298705,0.0189645,0.950854,-0.0793251,0,0,0,0,0,0,0,0,0,0,0,0,0,0,0,0,
0.239834,0.0340656,0.968193,-0.062627,0.254194,0.0331313,0.964522,-0.0631263,0.265478,0.0133014,0.958876,-0.0995076,0,0,0,0,0.177924,-0.661569,0.664571,-0.298352,-0.294306,0.938694,0.0166653,-0.178772,-0.592493,0.216708,-0.183601,0.753844,-0.641607,0.192257,-0.176648,0.72123,0.189823,0.728153,0.651922,0.0935813,0.039944,0.607734,0.57547,0.5458,-0.306424,0.36293,0.0052566,0.879976,-0.386552,0.388615,-0.418202,0.724336,0.250345,-0.55752,0.735826,-0.29165,-0.0249108,0.855972,-0.0461355,-0.514357,-0.0800606,-0.415366,0.0797572,0.902607,0,0,0,0,0.0636387,0.695363,0.71566,-0.0158133,-0.0596414,0.511324,0.0172013,0.857144,0.0769848,0.476835,0.0400657,0.874698,0,0,0,0,0.26719,0.0205446,0.960241,-0.0782606,0,0,0,0,0,0,0,0,0,0,0,0,0,0,0,0,
0.23614,0.0332611,0.969148,-0.0623173,0.248221,0.0324805,0.966124,-0.0627277,0.257264,0.0136155,0.961124,-0.099351,0,0,0,0,0.168839,-0.663621,0.669789,-0.287199,-0.300292,0.939358,0.0124264,-0.165159,-0.591348,0.226474,-0.166436,0.755854,-0.628698,0.240975,-0.219358,0.706082,0.188217,0.727987,0.652823,0.0918222,-0.00623053,0.614695,0.583047,0.531194,-0.333451,0.376752,-0.0208797,0.863963,-0.360073,0.431919,-0.369957,0.739544,0.248387,-0.55844,0.736744,-0.289236,-0.0256498,0.853999,-0.0454665,-0.517649,-0.0739062,-0.425313,0.0758676,0.898828,0,0,0,0,0.0610785,0.694469,0.716701,-0.0179584,-0.0605439,0.514574,0.0169505,0.855138,0.0783392,0.475068,0.0410008,0.875495,0,0,0,0,0.258922,0.0204081,0.962531,-0.0779569,0,0,0,0,0,0,0,0,0,0,0,0,0,0,0,0,
0.229715,0.0323926,0.970776,-0.0614511,0.244933,0.0314235,0.967048,-0.0619523,0.25724,0.0137078,0.961123,-0.0994141,0,0,0,0,0.173153,-0.659652,0.671025,-0.290866,-0.297111,0.937823,-0.00826667,-0.17929,-0.592803,0.230253,-0.171385,0.752459,-0.59459,0.27686,-0.247334,0.713188,0.184641,0.727813,0.654592,0.0877838,-0.0335436,0.635558,0.579887,0.508598,-0.339415,0.405946,-0.0131417,0.848429,-0.392402,0.445443,-0.393429,0.702008,0.244631,-0.560608,0.738027,-0.28494,-0.0268426,0.850551,-0.0439891,-0.523361,-0.0732205,-0.445515,0.0745669,0.889154,0,0,0,0,0.0569235,0.694689,0.716752,-0.0208264,-0.0615518,0.520185,0.0169407,0.851664,0.0793163,0.478671,0.0410555,0.87344,0,0,0,0,0.258864,0.020135,0.962556,-0.0779143,0,0,0,0,0,0,0,0,0,0,0,0,0,0,0,0,
0.220804,0.0321001,0.972866,-0.0612099,0.231517,0.0314232,0.970373,-0.0615601,0.239353,0.0155529,0.965709,-0.0993694,0,0,0,0,0.152421,-0.663477,0.682068,-0.267114,-0.277963,0.937132,-0.0537883,-0.204026,-0.571147,0.259351,-0.175436,0.758782,-0.63386,0.264945,-0.244513,0.684279,0.182008,0.726995,0.656808,0.0833954,-0.0880679,0.632626,0.578037,0.50784,-0.367132,0.38457,-0.0875118,0.842414,-0.365651,0.441334,-0.31897,0.754839,0.237808,-0.564035,0.739729,-0.279487,-0.0288323,0.845729,-0.0420411,-0.531172,-0.0784011,-0.422023,0.0750095,0.900069,0,0,0,0,0.0521492,0.694526,0.717138,-0.0250177,-0.061353,0.527971,0.0171912,0.846869,0.0791006,0.479229,0.0412923,0.873143,0,0,0,0,0.240923,0.0214084,0.967192,-0.0777062,0,0,0,0,0,0,0,0,0,0,0,0,0,0,0,0,
0.213394,0.0312178,0.974539,-0.0613353,0.222797,0.0306239,0.972432,-0.061634,0.229379,0.0154077,0.968107,-0.0995862,0,0,0,0,0.143992,-0.66428,0.686787,-0.25753,-0.266252,0.933591,-0.0667836,-0.230343,-0.579578,0.271299,-0.181904,0.74659,-0.586407,0.319504,-0.274763,0.691773,0.177463,0.726358,0.659463,0.0775802,-0.108327,0.663203,0.575305,0.466317,-0.361736,0.370996,-0.0791667,0.851611,-0.388585,0.420821,-0.39734,0.71696,0.232508,-0.567231,0.740445,-0.275555,-0.0311445,0.841632,-0.0408802,-0.5376,-0.0783238,-0.414889,0.0732792,0.903528,0,0,0,0,0.0476515,0.693551,0.718223,-0.0295162,-0.0614844,0.534456,0.0164681,0.842796,0.0791581,0.447475,0.0461729,0.889589,0,0,0,0,0.230919,0.0211129,0.969631,-0.0777606,0,0,0,0,0,0,0,0,0,0,0,0,0,0,0,0,
0.202023,0.0303809,0.977049,-0.0603183,0.212614,0.0297245,0.974799,-0.0606444,0.220482,0.0147991,0.970255,-0.0988594,0,0,0,0,0.139286,-0.666043,0.688213,-0.251692,-0.254167,0.931326,-0.0919776,-0.244071,-0.571104,0.299687,-0.174572,0.744011,-0.608015,0.329644,-0.27538,0.667697,0.16981,0.726828,0.661761,0.0704182,-0.149904,0.653179,0.57214,0.472801,-0.385449,0.378172,-0.121266,0.832892,-0.368636,0.441776,-0.336941,0.74526,0.224146,-0.571768,0.742374,-0.267806,-0.0337684,0.835301,-0.0373601,-0.547482,-0.0725895,-0.425405,0.0732456,0.899109,0,0,0,0,0.04128,0.692278,0.719632,-0.0343047,-0.060713,0.544361,0.0170651,0.836477,0.0802092,0.458562,0.0459284,0.883843,0,0,0,0,0.221959,0.0203131,0.971792,-0.0770878,0,0,0,0,0,0,0,0,0,0,0,0,0,0,0,0,
0.19007,0.0299633,0.979503,-0.0595834,0.198349,0.0294582,0.97786,-0.0598347,0.203963,0.0139284,0.974025,-0.0973683,0,0,0,0,0.134933,-0.667682,0.689576,-0.245925,-0.244813,0.929114,-0.116422,-0.251516,-0.543485,0.341697,-0.167113,0.748292,-0.593028,0.377457,-0.330329,0.629862,0.153105,0.717692,0.677579,0.0486121,-0.16423,0.678314,0.562995,0.442668,-0.38172,0.423931,-0.10443,0.814658,-0.389475,0.474501,-0.371208,0.69668,0.220299,-0.575075,0.742146,-0.264531,-0.0353445,0.828519,-0.0363353,-0.557662,0.0976182,0.819124,-0.0319871,-0.564344,0,0,0,0,0.0286634,0.688103,0.723686,-0.0444084,-0.0571191,0.554917,0.0177636,0.829752,0.0799839,0.473554,0.0460363,0.875916,0,0,0,0,0.205376,0.019569,0.975546,-0.0758168,0,0,0,0,0,0,0,0,0,0,0,0,0,0,0,0,
0.176055,0.0291256,0.98219,-0.0588106,0.187318,0.0284486,0.980105,-0.0591411,0.196044,0.0134247,0.975668,-0.0972532,0,0,0,0,0.131269,-0.667942,0.691571,-0.241561,-0.210208,0.912477,-0.167201,-0.308612,-0.541405,0.360346,-0.194526,0.734296,-0.580768,0.38224,-0.305794,0.650455,0.147019,0.711823,0.68567,0.0393757,-0.198796,0.704071,0.546511,0.407542,-0.386815,0.438719,-0.109502,0.803685,-0.388184,0.491253,-0.384392,0.6784,0.211689,-0.581596,0.741911,-0.257882,-0.03696,0.820457,-0.0334409,-0.569531,-0.0848609,-0.483099,0.0704149,0.868594,0,0,0,0,0.0168238,0.684968,0.72638,-0.0539305,-0.0554285,0.566938,0.0201272,0.821647,0.0815971,0.492589,0.0450798,0.865255,0,0,0,0,0.197378,0.0185756,0.977231,-0.0756101,0,0,0,0,0,0,0,0,0,0,0,0,0,0,0,0,
0.162391,0.0281202,0.984607,-0.0582062,0.164836,0.0279756,0.9842,-0.0582759,0.164784,0.0136703,0.981502,-0.0965059,0,0,0,0,0.0930098,-0.6845,0.694271,-0.201981,-0.206585,0.904002,-0.140808,-0.346809,-0.49739,0.420559,-0.220357,0.726069,-0.581658,0.392655,-0.278644,0.655632,0.140568,0.706836,0.692517,0.0323142,-0.229154,0.709233,0.533705,0.399545,-0.400187,0.466544,-0.121712,0.779341,-0.379299,0.528532,-0.378442,0.658459,0.20489,-0.588954,0.739513,-0.253523,-0.0369231,0.812462,-0.0324465,-0.580938,-0.078054,-0.47519,0.0705765,0.873568,0,0,0,0,0.00469858,0.681917,0.728623,-0.0638331,-0.0519073,0.578733,0.021896,0.813569,0.0831348,0.490385,0.0458022,0.866322,0,0,0,0,0.166006,0.0183816,0.983114,-0.0747725,0,0,0,0,0,0,0,0,0,0,0,0,0,0,0,0,
0.144805,0.0265729,0.987467,-0.0568774,0.150409,0.0262496,0.986629,-0.0570273,0.153631,0.0119793,0.983425,-0.0955483,0,0,0,0,0.0829139,-0.689581,0.693644,-0.19095,-0.190564,0.893473,-0.143882,-0.380381,-0.434593,0.464741,-0.242343,0.732404,0.623768,-0.391767,0.281485,-0.614978,0.135002,0.702655,0.698106,0.026429,-0.244891,0.732817,0.553868,0.310223,-0.379259,0.52714,-0.120106,0.750907,-0.392705,0.55498,-0.351985,0.643341,0.199432,-0.595744,0.737154,-0.248839,-0.0374621,0.801904,-0.0327459,-0.595377,-0.0817711,-0.457039,0.070434,0.882875,0,0,0,0,-0.0137713,0.675823,0.7328,-0.0779622,-0.0454857,0.593901,0.024554,0.802876,0.0848694,0.49018,0.0463443,0.866241,0,0,0,0,0.154809,0.016967,0.985018,-0.0740683,0,0,0,0,0,0,0,0,0,0,0,0,0,0,0,0,
0.125544,0.023929,0.990258,-0.055282,0.130772,0.0236368,0.989581,-0.0554076,0.133746,0.00987308,0.9864,-0.0950271,0,0,0,0,-0.0749969,0.694873,-0.692212,0.179913,-0.182521,0.88562,-0.150438,-0.399665,-0.451944,0.497458,-0.233269,0.702757,-0.579159,0.442277,-0.295327,0.617857,0.116647,0.689215,0.715087,0.00519201,-0.246622,0.752892,0.557432,0.248195,-0.321713,0.556423,-0.159494,0.749304,-0.371773,0.539994,-0.418861,0.628289,0.192575,-0.602491,0.735895,-0.241615,-0.0395039,0.789989,-0.0332973,-0.610941,-0.0774901,-0.445109,0.0690377,0.889442,0,0,0,0,-0.0318025,0.668194,0.737657,-0.0914766,-0.0359752,0.61044,0.0268472,0.79079,0.0855137,0.49358,0.0467423,0.864223,0,0,0,0,0.134894,0.0154252,0.987998,-0.0736532,0,0,0,0,0,0,0,0,0,0,0,0,0,0,0,0,
0.100429,0.0188074,0.993444,-0.0512818,0.110831,0.0182692,0.992337,-0.0514761,0.119324,0.00734427,0.98834,-0.0942965,0,0,0,0,-0.0607727,0.700662,-0.691544,0.164761,-0.162691,0.86665,-0.164836,-0.441903,-0.441663,0.518137,-0.25472,0.686721,-0.585952,0.449288,-0.287311,0.610125,0.110171,0.68325,0.721825,-0.00083352,-0.271375,0.754658,0.542837,0.249349,-0.338802,0.60746,-0.162576,0.699839,-0.402372,0.61106,-0.395355,0.555335,0.180641,-0.610945,0.737078,-0.225457,-0.0408372,0.774009,-0.0340004,-0.630941,-0.0764802,-0.436011,0.0696447,0.893977,0,0,0,0,-0.0504312,0.659679,0.742694,-0.103377,-0.0204708,0.631558,0.0284496,0.774536,0.08636,0.494676,0.0471987,0.863487,0,0,0,0,0.120449,0.0134161,0.989962,-0.0727204,0,0,0,0,0,0,0,0,0,0,0,0,0,0,0,0,
0.0891651,0.0163935,0.994632,-0.0498754,0.0867998,0.0165121,0.994841,-0.0498363,0.0826415,0.00635208,0.992231,-0.0927752,0,0,0,0,-0.0560505,0.704623,-0.690158,0.155072,-0.159846,0.861643,-0.181198,-0.446305,-0.42658,0.556008,-0.243303,0.670588,-0.579394,0.485478,-0.283668,0.59004,0.0658386,0.660915,0.745955,-0.0490575,-0.292628,0.76769,0.509489,0.255815,-0.331048,0.614305,-0.201445,0.687355,-0.391231,0.588144,-0.372496,0.601891,0.17486,-0.615435,0.736814,-0.218559,-0.039447,0.766768,-0.0351638,-0.639746,-0.0784513,-0.42583,0.0684058,0.898796,0,0,0,0,-0.0587662,0.655602,0.744866,-0.109121,-0.0144115,0.640656,0.0285063,0.767163,0.0872164,0.49359,0.0484257,0.863954,0,0,0,0,0.083666,0.012664,0.993829,-0.0717164,0,0,0,0,0,0,0,0,0,0,0,0,0,0,0,0,
0.0796876,0.0156547,0.995442,-0.0499994,0.0728691,0.0159967,0.995964,-0.049891,0.0644185,0.00691649,0.993641,-0.0920907,0,0,0,0,-0.0409379,0.708787,-0.690354,0.139126,-0.15202,0.867843,-0.191651,-0.432445,-0.320825,0.554348,-0.250687,0.725896,0.657947,-0.460026,0.287003,-0.5226,0.0540072,0.655398,0.751022,-0.0591867,-0.304267,0.773295,0.49511,0.25358,-0.349712,0.698668,-0.180246,0.597558,-0.431906,0.642078,-0.387602,0.500958,0.168974,-0.618847,0.736648,-0.21407,-0.0384889,0.760671,-0.0342496,-0.647089,0.0971756,0.748501,-0.0296699,-0.655303,0,0,0,0,-0.0657372,0.652188,0.746395,-0.114996,-0.0127771,0.648028,0.0296998,0.76093,0.0887578,0.48305,0.0508965,0.869594,0,0,0,0,0.0652537,0.0118341,0.995261,-0.0711215,0,0,0,0,0,0,0,0,0,0,0,0,0,0,0,0,
0.0733737,0.0138669,0.995911,-0.0508424,0.0613981,0.014477,0.996721,-0.050672,0.0479461,0.00629581,0.99454,-0.0924782,0,0,0,0,-0.0294428,0.710837,-0.691037,0.127714,-0.153057,0.882011,-0.229876,-0.381821,-0.424169,0.582897,-0.172765,0.671166,0.54855,-0.545541,0.401899,-0.489852,0.0413884,0.652369,0.753426,-0.0710718,-0.3283,0.77167,0.480323,0.256972,-0.348211,0.71124,-0.223804,0.568154,-0.421597,0.660671,-0.383501,0.488565,0.163168,-0.622128,0.736381,-0.209943,-0.038894,0.756501,-0.0326469,-0.652018,0.0948034,0.739092,-0.0320626,-0.666129,0,0,0,0,-0.0680941,0.651061,0.746588,-0.118695,-0.0136904,0.652851,0.0299299,0.756771,0.0880845,0.48054,0.0510779,0.871042,0,0,0,0,0.048588,0.00989329,0.996208,-0.0714851,0,0,0,0,0,0,0,0,0,0,0,0,0,0,0,0,
0.0605866,0.0124167,0.996777,-0.0510859,0.0502318,0.0129465,0.997353,-0.0509542,0.038596,0.00565719,0.994958,-0.0923954,0,0,0,0,-0.0296479,0.710494,-0.691589,0.126587,-0.128385,0.847255,-0.237838,-0.457285,-0.397706,0.620772,-0.218945,0.639167,-0.51651,0.562323,-0.361942,0.534797,0.0286018,0.648398,0.756087,-0.0842229,-0.35812,0.785759,0.454302,0.218958,-0.360753,0.723828,-0.215666,0.547192,-0.430896,0.680143,-0.356328,0.474093,0.151583,-0.627344,0.73706,-0.20051,-0.0400333,0.748009,-0.0291119,-0.66184,0.091758,0.733565,-0.0329358,-0.672591,0,0,0,0,-0.0737895,0.649886,0.746128,-0.124487,-0.0125813,0.662589,0.0309165,0.748239,0.0884594,0.480179,0.052202,0.871136,0,0,0,0,0.0390852,0.00819588,0.996653,-0.071333,0,0,0,0,0,0,0,0,0,0,0,0,0,0,0,0,
0.0476752,0.00850909,0.997477,-0.0519106,0.0371598,0.00905572,0.997924,-0.051818,0.0255194,0.00014689,0.995346,-0.0929216,0,0,0,0,-0.00960464,0.712668,-0.69303,0.108271,-0.120214,0.829477,-0.232467,-0.493432,-0.373862,0.688083,-0.21777,0.582534,0.559336,-0.586521,0.308325,-0.498068,0.0280432,0.648741,0.756058,-0.0820105,-0.375912,0.794111,0.438141,0.190029,-0.366011,0.73437,-0.212346,0.530704,-0.422879,0.685157,-0.395258,0.442159,0.143812,-0.630379,0.737976,-0.193215,-0.041715,0.739156,-0.0267597,-0.671708,0.0970123,0.726233,-0.0317079,-0.67983,0,0,0,0,-0.0820562,0.646654,0.746475,-0.133719,-0.0123336,0.672328,0.0334447,0.739395,0.0909236,0.475835,0.0534994,0.873185,0,0,0,0,0.0258354,0.00239662,0.997087,-0.0717259,0,0,0,0,0,0,0,0,0,0,0,0,0,0,0,0,
0.0252164,0.00686349,0.998314,-0.0518199,0.0152581,0.00737999,0.998516,-0.0517489,0.00450127,0.00152137,0.9957,-0.0925157,0,0,0,0,-0.0117185,0.713867,-0.691889,0.107452,-0.109195,0.814733,-0.245277,-0.513932,-0.37501,0.720778,-0.21428,0.542155,0.540231,-0.63115,0.299958,-0.468855,-0.00261219,0.644911,0.755861,-0.112947,-0.398106,0.791998,0.418954,0.196793,-0.367395,0.757016,-0.249082,0.479485,-0.439877,0.710832,-0.3475,0.424818,0.124985,-0.63788,0.738945,-0.177335,-0.0441428,0.723696,-0.0215377,-0.688369,0.08766,0.713607,-0.035232,-0.694147,0,0,0,0,-0.0944702,0.64413,0.745113,-0.144838,-0.0115868,0.688866,0.0366924,0.723867,0.0926747,0.476018,0.0550628,0.872804,0,0,0,0,0.00465136,0.002474,0.997446,-0.0712362,0,0,0,0,0,0,0,0,0,0,0,0,0,0,0,0,
0.0104804,0.00607784,0.998539,-0.0526523,0.002723,0.00648668,0.998591,-0.0526035,-0.00561201,0.00275493,0.995612,-0.0933652,0,0,0,0,-0.00938529,0.714639,-0.691452,0.105343,-0.0947222,0.800647,-0.256199,-0.533248,-0.353301,0.727833,-0.228439,0.541528,0.543944,-0.622424,0.314891,-0.46643,-0.0144753,0.645784,0.752983,-0.125583,-0.408419,0.791461,0.422711,0.167627,-0.353327,0.776,-0.25984,0.453284,-0.337781,0.740849,-0.440543,0.378113,0.11086,-0.642012,0.740181,-0.166324,-0.0452764,0.713403,-0.016851,-0.699087,0.0873413,0.70786,-0.0341798,-0.700098,0,0,0,0,-0.100408,0.642921,0.744077,-0.151394,-0.012239,0.699478,0.0381516,0.71353,0.0934393,0.469692,0.0573545,0.875996,0,0,0,0,-0.00551939,0.00316445,0.997386,-0.0719707,0,0,0,0,0,0,0,0,0,0,0,0,0,0,0,0,
-0.00716628,0.00368511,0.998541,-0.0534036,-0.016512,0.00418479,0.99843,-0.0533668,-0.0261411,0.00280437,0.995214,-0.0941163,0,0,0,0,0.00689883,0.716073,-0.69214,0.0901856,-0.0924276,0.789288,-0.247204,-0.55441,-0.333762,0.740363,-0.240826,0.531478,0.567453,-0.606665,0.319489,-0.45594,-0.0287815,0.642242,0.753272,-0.138843,-0.41524,0.779673,0.40942,0.228169,-0.372002,0.766081,-0.2994,0.430226,-0.348187,0.752339,-0.417094,0.372537,0.0996808,-0.644819,0.741433,-0.156684,0.0464274,-0.700779,0.0124294,0.711758,-0.0860561,-0.695588,0.0352507,0.712396,0,0,0,0,-0.112869,0.639031,0.743078,-0.163508,-0.0107083,0.712055,0.0425705,0.70075,0.0965866,0.511784,0.0536243,0.851981,0,0,0,0,-0.0262007,0.0022846,0.997013,-0.0726131,0,0,0,0,0,0,0,0,0,0,0,0,0,0,0,0,
-0.0218228,0.00151838,0.998283,-0.054345,-0.0316292,0.00205221,0.99802,-0.0543274,-0.0415246,0.00161715,0.994582,-0.095286,0,0,0,0,0.0172201,0.717585,-0.691521,0.0810799,-0.0773968,0.770329,-0.256333,-0.578703,-0.332971,0.759044,-0.246334,0.502297,-0.551475,0.636134,-0.314667,0.438399,-0.040934,0.639626,0.752515,-0.151406,-0.429066,0.776283,0.383239,0.25771,-0.392402,0.75294,-0.32226,0.418628,-0.323858,0.763527,-0.424915,0.362753,0.0906412,-0.646316,0.742862,-0.149049,0.0478693,-0.690067,0.00925894,0.722102,-0.0848994,-0.685941,0.0356888,0.721805,0,0,0,0,-0.122363,0.636918,0.741072,-0.173709,-0.0105691,0.722287,0.0446867,0.690067,0.0971405,0.51106,0.055793,0.852214,0,0,0,0,-0.0416959,0.000676155,0.996412,-0.0736492,0,0,0,0,0,0,0,0,0,0,0,0,0,0,0,0,
-0.0334282,-9.18946e-005,0.997924,-0.0550485,-0.0453529,0.000566043,0.997453,-0.0550456,-0.0572589,0.000712837,0.993775,-0.0955577,0,0,0,0,0.0237919,0.718295,-0.691323,0.0745579,-0.0609757,0.748735,-0.267844,-0.603273,-0.325186,0.779647,-0.252973,0.471603,-0.535365,0.658897,-0.335839,0.407984,-0.0566237,0.639464,0.748275,-0.167224,-0.465295,0.808053,0.351847,0.0821862,-0.35578,0.794671,-0.285746,0.400335,-0.338401,0.757851,-0.452884,0.325641,0.0856137,-0.647124,0.743596,-0.144795,0.0485117,-0.681505,0.00773552,0.730163,-0.0852269,-0.67619,0.0369311,0.730848,0,0,0,0,-0.131039,0.635196,0.738887,-0.182759,-0.00940919,0.730288,0.0461379,0.681514,0.0989869,0.523293,0.0567804,0.844477,0,0,0,0,-0.0575241,-0.000556964,0.995596,-0.0740194,0,0,0,0,0,0,0,0,0,0,0,0,0,0,0,0,
-0.0505142,-0.000192673,0.997168,-0.0557246,-0.0777116,0.00132832,0.995417,-0.0557091,-0.104708,0.00558193,0.98988,-0.0956187,0,0,0,0,0.0757692,0.713894,-0.695666,0.0257698,-0.0696258,0.743053,-0.224752,-0.626507,-0.320608,0.78169,-0.262233,0.466267,-0.530011,0.662007,-0.326798,0.417179,-0.0779911,0.638903,0.743859,-0.179987,-0.470857,0.804448,0.348942,0.0969333,-0.347053,0.801443,-0.311711,0.374273,-0.359991,0.752967,-0.458359,0.305539,0.077246,-0.648074,0.744939,-0.1382,0.0496017,-0.668913,0.00491061,0.741667,-0.0835928,-0.648765,0.0394456,0.755354,0,0,0,0,-0.145531,0.630043,0.737413,-0.195164,-0.00774631,0.74188,0.0510059,0.668545,0.0982817,0.528329,0.0567706,0.841419,0,0,0,0,-0.105129,0.00302285,0.991682,-0.0742039,0,0,0,0,0,0,0,0,0,0,0,0,0,0,0,0,
-0.0635832,-0.000201835,0.996378,-0.0564703,-0.0905526,0.00132807,0.994289,-0.0564551,-0.117215,0.00705468,0.988434,-0.095961,0,0,0,0,0.0817984,0.713249,-0.69583,0.0201305,-0.0513837,0.725032,-0.240394,-0.64335,-0.334488,0.789463,-0.267121,0.4399,-0.505568,0.69115,-0.314901,0.409328,-0.0904369,0.63426,0.743384,-0.192134,-0.484417,0.806913,0.326122,0.0887511,-0.351157,0.808464,-0.324292,0.34338,-0.381156,0.747732,-0.470046,0.273265,0.0706118,-0.648631,0.746013,-0.133253,0.0489589,-0.659256,0.00358149,0.750314,-0.10386,-0.502069,0.0596617,0.856493,0,0,0,0,-0.15535,0.626647,0.735921,-0.203962,-0.00999719,0.750565,0.0537874,0.658528,0.101538,0.527684,0.0603936,0.841185,0,0,0,0,-0.117688,0.00404253,0.990239,-0.0745674,0,0,0,0,0,0,0,0,0,0,0,0,0,0,0,0,
-0.0810722,0.000590354,0.995079,-0.0569624,-0.108617,0.00216871,0.99245,-0.0569242,-0.135752,0.00930516,0.98604,-0.09597,0,0,0,0,0.0961636,0.710446,-0.69712,0.00654076,-0.0483327,0.713877,-0.234384,-0.658109,-0.315868,0.802614,-0.271001,0.427314,-0.518102,0.686184,-0.325311,0.393567,-0.10397,0.632354,0.740225,-0.203437,-0.5085,0.817875,0.269119,0.00908118,-0.290727,0.784375,-0.376625,0.397979,-0.347037,0.683727,-0.556819,0.319431,0.0624043,-0.649971,0.746658,-0.127059,0.0495906,-0.646139,0.00139609,0.761606,-0.0989204,-0.510712,0.0574484,0.852108,0,0,0,0,-0.169932,0.621149,0.734057,-0.21554,-0.00758587,0.762062,0.059336,0.644735,0.101951,0.524745,0.0619506,0.842859,0,0,0,0,-0.13628,0.00577939,0.987837,-0.0746462,0,0,0,0,0,0,0,0,0,0,0,0,0,0,0,0,
-0.0981735,0.000702451,0.993458,-0.0583264,-0.118382,0.00188995,0.991253,-0.0583,-0.137961,0.0088597,0.985549,-0.097884,0,0,0,0,0.106231,0.712597,-0.693482,-0.00205362,-0.0275082,0.698918,-0.249762,-0.669609,-0.317079,0.800364,-0.279457,0.425184,-0.487281,0.702737,-0.332401,0.397777,-0.097772,0.634145,0.741093,-0.19769,-0.531177,0.797847,0.285063,-0.00539831,-0.383119,0.794287,-0.312516,0.353075,-0.334789,0.775057,-0.456521,0.280698,0.0505819,-0.651404,0.747692,-0.118622,0.0511542,-0.633016,-0.0012045,0.772446,-0.092786,-0.626553,0.0484398,0.772318,0,0,0,0,-0.179666,0.61794,0.731552,-0.225173,-0.00685757,0.773067,0.0611758,0.631331,0.105467,0.523939,0.0653617,0.84267,0,0,0,0,-0.138532,0.00523081,0.987397,-0.0763488,0,0,0,0,0,0,0,0,0,0,0,0,0,0,0,0,
-0.118193,0.00021117,0.991226,-0.0591798,-0.132195,0.00104782,0.989456,-0.0591709,-0.14544,0.0070012,0.984382,-0.0989491,0,0,0,0,0.11596,0.713542,-0.690867,-0.0106714,-0.0131125,0.694884,-0.261905,-0.669604,-0.306493,0.792677,-0.283842,0.444026,-0.478996,0.693981,-0.347679,0.409967,-0.0994153,0.632341,0.742002,-0.199234,-0.536449,0.796745,0.278245,0.00048997,-0.389179,0.806262,-0.313627,0.316417,-0.319443,0.779653,-0.486965,0.230136,0.0404539,-0.653427,0.747746,-0.11078,0.0528036,-0.617326,-0.00243779,0.78493,-0.0903989,-0.621606,0.0468872,0.776683,0,0,0,0,-0.192994,0.611853,0.729661,-0.236608,-0.00143347,0.785662,0.0648948,0.615241,0.108858,0.52841,0.0662192,0.839373,0,0,0,0,-0.146053,0.00355548,0.986239,-0.0773907,0,0,0,0,0,0,0,0,0,0,0,0,0,0,0,0,
-0.128807,-0.00028457,0.989806,-0.0607638,-0.143209,0.000600423,0.987825,-0.0607615,-0.156753,0.00639623,0.982367,-0.101701,0,0,0,0,0.131175,0.713827,-0.687541,-0.0230472,-0.0100693,0.692231,-0.259375,-0.673379,-0.285179,0.809078,-0.27551,0.433774,-0.493872,0.690223,-0.360087,0.387324,-0.101348,0.632114,0.741088,-0.202357,-0.548544,0.796646,0.253875,-0.0016213,-0.346181,0.765614,-0.3776,0.389118,-0.248311,0.752604,-0.526136,0.308399,0.0289962,-0.655215,0.747838,-0.102909,0.055863,-0.608776,-0.00475628,0.791359,-0.0315195,-0.612457,0.0538041,0.788041,0,0,0,0,-0.195373,0.60923,0.730033,-0.24025,-0.00128486,0.792216,0.065016,0.606766,0.109691,0.524868,0.0661603,0.84149,0,0,0,0,-0.157447,0.00280887,0.98429,-0.0798533,0,0,0,0,0,0,0,0,0,0,0,0,0,0,0,0,
-0.1385,-0.00113828,0.988418,-0.0620214,-0.15164,-0.000312932,0.986487,-0.0620311,-0.163881,0.00452467,0.981062,-0.10315,0,0,0,0,0.13806,0.715102,-0.684666,-0.0283038,0.00865984,0.680142,-0.272075,-0.680667,-0.296331,0.829525,-0.265525,0.391884,-0.488706,0.718427,-0.351302,0.348736,-0.10484,0.630479,0.740622,-0.207322,-0.557655,0.782589,0.258093,-0.0998172,-0.343641,0.768298,-0.359435,0.403032,-0.228475,0.74538,-0.541474,0.314665,0.0209231,-0.657702,0.746654,-0.0974566,0.057874,-0.600877,-0.00562494,0.797224,-0.0315382,-0.607874,0.0536426,0.791592,0,0,0,0,-0.199016,0.605834,0.730485,-0.244436,-0.000132944,0.798122,0.064189,0.599068,0.111457,0.523462,0.069141,0.841893,0,0,0,0,-0.164624,0.00105962,0.98299,-0.0814154,0,0,0,0,0,0,0,0,0,0,0,0,0,0,0,0,
-0.144434,-0.00208856,0.987455,-0.0637765,-0.167603,-0.000588976,0.983787,-0.0638079,-0.189873,0.00537726,0.976061,-0.105946,0,0,0,0,0.150061,0.71475,-0.682065,-0.0374311,0.0152535,0.672805,-0.273201,-0.687358,-0.282265,0.835241,-0.266789,0.389259,-0.471978,0.725126,-0.36655,0.342155,-0.131379,0.618716,0.737862,-0.235564,-0.566802,0.784798,0.242796,-0.0622673,-0.348896,0.814191,-0.366087,0.28521,-0.275493,0.790169,-0.505615,0.209974,0.0136222,-0.659538,0.745742,-0.0932385,0.0601038,-0.595914,-0.00684718,0.800766,-0.0358451,-0.591559,0.0537603,0.803668,0,0,0,0,-0.199175,0.604136,0.731057,-0.246791,-0.00058423,0.801703,0.0636943,0.594319,0.112649,0.531081,0.0693451,0.836931,0,0,0,0,-0.19076,0.00132158,0.978023,-0.0841418,0,0,0,0,0,0,0,0,0,0,0,0,0,0,0,0,
-0.149971,-0.003416,0.986492,-0.0658058,-0.174144,-0.00179942,0.982513,-0.0658699,-0.197336,0.00427936,0.974399,-0.107645,0,0,0,0,0.158583,0.715679,-0.678769,-0.0439071,0.0248371,0.665424,-0.278502,-0.69212,-0.268752,0.835371,-0.270241,0.396104,-0.471051,0.719173,-0.37406,0.347823,-0.134404,0.615096,0.739006,-0.239713,-0.570287,0.783258,0.232424,-0.0852,-0.324381,0.798716,-0.386134,0.328222,-0.217765,0.770065,-0.548775,0.241712,0.00835344,-0.661391,0.74446,-0.0909432,0.0614118,-0.591245,-0.00733615,0.804117,-0.0460027,-0.58632,0.0543284,0.806946,0,0,0,0,-0.200635,0.601537,0.731551,-0.250461,-0.00317321,0.805031,0.062664,0.589906,0.115966,0.54038,0.0717001,0.830302,0,0,0,0,-0.198303,-3.63209e-005,0.976347,-0.086151,0,0,0,0,0,0,0,0,0,0,0,0,0,0,0,0,
-0.156379,-0.00540723,0.98533,-0.0681286,-0.179789,-0.00378397,0.981328,-0.068238,-0.202068,0.0024265,0.973253,-0.109281,0,0,0,0,0.167387,0.71536,-0.67657,-0.0499454,0.0374054,0.662729,-0.287535,-0.690445,-0.275359,0.867201,-0.244866,0.334932,-0.495573,0.743134,-0.344038,0.289478,-0.133271,0.613637,0.740403,-0.239773,-0.577995,0.777588,0.217992,-0.117298,0.412619,-0.374425,-0.290539,0.777906,0.548203,-0.29572,-0.182475,0.76074,0.00269956,-0.663061,0.743321,-0.0884102,0.0617269,-0.585827,-0.00758712,0.808047,-0.0497171,-0.582662,0.0546447,0.80935,0,0,0,0,-0.202879,0.598099,0.732101,-0.255238,-0.00211649,0.808819,0.0634129,0.584624,0.117523,0.554673,0.0710389,0.820658,0,0,0,0,-0.203118,-0.00210751,0.975183,-0.0880705,0,0,0,0,0,0,0,0,0,0,0,0,0,0,0,0,
-0.162824,-0.00689794,0.984143,-0.0700231,-0.193592,-0.00469968,0.978556,-0.0702049,-0.223222,0.00410255,0.968564,-0.109721,0,0,0,0,0.176302,0.716677,-0.6721,-0.0597776,0.0458899,0.658504,-0.292417,-0.691925,-0.172241,0.743344,-0.302737,0.571071,-0.413362,0.573196,-0.5283,0.470613,-0.156647,0.59851,0.741096,-0.260816,-0.579379,0.785349,0.193392,-0.100734,0.419042,-0.304521,-0.295195,0.802827,0.560065,-0.222096,-0.189301,0.775349,-0.00447621,-0.664503,0.742509,-0.0842384,0.0620328,-0.580389,-0.00705615,0.811942,-0.0530835,-0.568725,0.0537078,0.819054,0,0,0,0,-0.204589,0.594663,0.733218,-0.258672,-0.000980946,0.812613,0.0633551,0.579348,0.117245,0.556872,0.0725471,0.819075,0,0,0,0,-0.224379,-0.00119787,0.970434,-0.0889434,0,0,0,0,0,0,0,0,0,0,0,0,0,0,0,0,
-0.169264,-0.00806521,0.982964,-0.0711758,-0.200447,-0.00579702,0.977082,-0.0713963,-0.23033,0.00425458,0.966869,-0.109972,0,0,0,0,0.186473,0.717263,-0.667632,-0.0709216,0.0516409,0.651442,-0.292247,-0.698247,-0.310412,0.940291,-0.120506,-0.0705371,-0.662804,0.734515,-0.14132,-0.0347563,-0.156865,0.600468,0.739856,-0.259699,-0.585108,0.784473,0.171922,-0.112666,0.430479,-0.280686,-0.288634,0.807833,0.571121,-0.195867,-0.177927,0.777045,-0.0101386,-0.664623,0.742771,-0.080405,0.0619424,-0.575004,-0.00725468,0.81577,-0.0530683,-0.563071,0.055335,0.822844,0,0,0,0,-0.207132,0.592479,0.732973,-0.262328,-0.000183477,0.816357,0.0647368,0.573908,0.114965,0.551744,0.073612,0.822766,0,0,0,0,-0.231542,-0.00139206,0.968707,-0.0894098,0,0,0,0,0,0,0,0,0,0,0,0,0,0,0,0,
-0.175539,-0.00867633,0.981788,-0.0721249,-0.206686,-0.00637726,0.975707,-0.0723645,-0.236392,0.00465946,0.965362,-0.110334,0,0,0,0,0.195639,0.718375,-0.662586,-0.0815014,0.0588053,0.64455,-0.295094,-0.702863,-0.163488,0.833817,-0.262702,0.457175,-0.532164,0.60739,-0.475922,0.348394,-0.155927,0.60416,0.73756,-0.258231,-0.590696,0.782908,0.1517,-0.122963,0.444801,-0.265124,-0.277976,0.809068,0.581956,-0.179995,-0.166824,0.775305,-0.0155653,-0.66515,0.742592,-0.0767488,0.0617804,-0.569812,-0.00765759,0.819414,-0.0660884,-0.55884,0.0507466,0.825079,0,0,0,0,-0.210027,0.59019,0.732796,-0.265658,-0.00106535,0.820015,0.0647944,0.568662,0.117902,0.564274,0.0755677,0.813624,0,0,0,0,-0.237645,-0.00125749,0.967182,-0.0899041,0,0,0,0,0,0,0,0,0,0,0,0,0,0,0,0,
-0.18202,-0.00938344,0.980525,-0.0731546,-0.211725,-0.0071566,0.974542,-0.0734059,-0.239868,0.00309193,0.964233,-0.112729,0,0,0,0,0.204835,0.718351,-0.658906,-0.0886406,-0.0639709,-0.634425,0.297138,0.710719,-0.286291,0.945581,-0.136978,-0.0717663,-0.59222,0.781504,-0.187666,-0.0575122,-0.15178,0.606678,0.737146,-0.255969,-0.595624,0.773735,0.12709,-0.174399,0.356892,-0.0594928,-0.383569,0.849685,0.526375,0.0335426,-0.296083,0.796328,-0.0241418,-0.670718,0.737926,-0.0708494,0.0632553,-0.564318,-0.009384,0.823077,-0.0672808,-0.556095,0.0496427,0.826902,0,0,0,0,-0.211219,0.589166,0.732347,-0.268211,-8.61951e-006,0.82376,0.0637371,0.563345,0.11784,0.564715,0.0778973,0.813107,0,0,0,0,-0.241161,-0.00253828,0.966121,-0.0918937,0,0,0,0,0,0,0,0,0,0,0,0,0,0,0,0,
-0.188626,-0.00970618,0.979119,-0.0751858,-0.215769,-0.00761252,0.973497,-0.0754266,-0.241122,0.00313177,0.963586,-0.11555,0,0,0,0,0.213586,0.718145,-0.655539,-0.0944281,-0.0653109,-0.616646,0.296917,0.72617,-0.119799,0.702739,-0.333168,0.617095,-0.0933673,0.693568,-0.396025,0.594483,-0.144742,0.6111,0.736169,-0.252312,-0.583014,0.789753,0.023594,-0.189281,0.346534,0.0167649,-0.422667,0.837249,0.508404,0.117581,-0.314066,0.793135,-0.0323295,-0.672239,0.736646,-0.0663501,0.0634326,-0.558863,-0.0106473,0.826762,-0.067314,-0.554775,0.0489945,0.827824,0,0,0,0,-0.212507,0.58856,0.73101,-0.272144,0.00125489,0.827548,0.0633363,0.557809,0.118356,0.55944,0.0814417,0.816324,0,0,0,0,-0.242491,-0.00278571,0.965528,-0.0945814,0,0,0,0,0,0,0,0,0,0,0,0,0,0,0,0,
-0.198407,-0.00917906,0.977082,-0.0765635,-0.222363,-0.00729434,0.97191,-0.076766,-0.244367,0.00370802,0.962567,-0.117202,0,0,0,0,0.220975,0.717694,-0.652692,-0.100388,-0.0771492,-0.625404,0.295618,0.718003,-0.133842,0.833647,-0.260607,0.468191,-0.376583,0.722565,-0.388806,0.430018,-0.141717,0.614401,0.734326,-0.251383,-0.584097,0.791969,0.0129553,-0.177337,0.387447,-0.00393604,-0.394011,0.833441,0.531822,0.0896577,-0.291501,0.790034,-0.0431407,-0.673677,0.735407,-0.0589417,0.0640497,-0.55086,-0.0131882,0.832032,-0.0633633,-0.551994,0.0502569,0.829917,0,0,0,0,-0.216336,0.588278,0.728137,-0.277387,0.00160886,0.833106,0.063333,0.549473,0.117287,0.544621,0.0860919,0.825966,0,0,0,0,-0.245794,-0.0025136,0.964531,-0.0962277,0,0,0,0,0,0,0,0,0,0,0,0,0,0,0,0,
-0.214131,-0.00880293,0.973634,-0.0781438,-0.231885,-0.00737371,0.969559,-0.0782916,-0.247503,0.003301,0.961569,-0.118813,0,0,0,0,0.225544,0.719598,-0.648434,-0.104123,-0.0891796,-0.624849,0.303327,0.713865,-0.200015,0.949078,-0.191727,0.149956,-0.5393,0.799582,-0.124289,0.233187,-0.139577,0.619992,0.729175,-0.253833,-0.581768,0.79803,-0.00729777,-0.156975,0.418538,0.0409681,-0.379632,0.824031,0.533848,0.122236,-0.289995,0.784836,-0.0570165,-0.675648,0.733387,-0.0489071,0.0653258,-0.537751,-0.0162313,0.840412,-0.0697967,-0.54963,0.0499261,0.830989,0,0,0,0,-0.223865,0.588043,0.722379,-0.286807,0.00497301,0.841801,0.0655651,0.535768,0.118653,0.551922,0.0865703,0.820859,0,0,0,0,-0.248973,-0.00305305,0.963526,-0.0980889,0,0,0,0,0,0,0,0,0,0,0,0,0,0,0,0,
-0.22841,-0.00851278,0.970214,-0.0802587,-0.237255,-0.00777992,0.968089,-0.080333,-0.243785,0.00236022,0.962253,-0.120961,0,0,0,0,0.220239,0.725897,-0.644157,-0.098134,-0.101217,-0.620484,0.313741,0.711563,-0.164134,0.937686,-0.203583,0.228822,-0.566024,0.745398,-0.103118,0.336698,-0.137467,0.622355,0.72626,-0.257533,-0.578867,0.802486,-0.0231206,-0.14281,0.444587,0.0673598,-0.368002,0.813868,0.5355,0.133347,-0.299554,0.778284,-0.0720878,-0.677663,0.730821,-0.0384439,0.0664749,-0.525787,-0.0199961,0.847779,-0.0697812,-0.552122,0.050899,0.829278,0,0,0,0,-0.229465,0.587051,0.718196,-0.294808,0.00858241,0.849513,0.0674216,0.523172,0.118741,0.54264,0.088468,0.82681,0,0,0,0,-0.245289,-0.00404899,0.964228,-0.100403,0,0,0,0,0,0,0,0,0,0,0,0,0,0,0,0,
-0.253512,-0.00781418,0.963713,-0.0832281,-0.257793,-0.00744423,0.962577,-0.083262,-0.259504,0.00301816,0.957693,-0.12439,0,0,0,0,0.228995,0.730956,-0.633701,-0.108111,0.124123,0.634318,-0.318096,-0.693577,-0.0883514,0.673029,-0.271038,0.682469,0.0449321,0.691795,-0.302939,0.653933,-0.14755,0.625394,0.715286,-0.274733,-0.578643,0.800897,-0.0355717,-0.149902,0.455297,0.0837837,-0.361446,0.809347,0.545224,0.156918,-0.275549,0.776003,-0.0969533,-0.677835,0.728507,-0.0204122,0.0691695,-0.504437,-0.0255034,0.860296,-0.0686549,-0.540957,0.0499377,0.836755,0,0,0,0,-0.240831,0.584479,0.710564,-0.309004,0.0128595,0.86268,0.0714168,0.500517,0.118142,0.526789,0.0923816,0.836661,0,0,0,0,-0.261121,-0.00375329,0.959686,-0.103948,0,0,0,0,0,0,0,0,0,0,0,0,0,0,0,0,
-0.273488,-0.00721883,0.958066,-0.0852118,-0.270809,-0.00745697,0.958827,-0.0851913,-0.265435,0.0023927,0.955827,-0.126225,0,0,0,0,0.233738,0.737309,-0.62323,-0.115437,0.130045,0.642394,-0.318412,-0.684859,-0.119533,0.745601,-0.247144,0.607216,0.0392032,0.757449,-0.308753,0.573939,-0.148095,0.629202,0.70966,-0.280278,-0.575502,0.801531,-0.0529469,-0.153432,0.468373,0.073349,-0.351841,0.807127,0.571848,0.158409,-0.245259,0.766645,-0.11973,-0.677224,0.725964,-0.0028819,0.0723139,-0.48724,-0.0312133,0.869709,-0.0692979,-0.53616,0.0510083,0.839719,0,0,0,0,-0.248078,0.583227,0.704788,-0.318711,0.0155564,0.872819,0.0735976,0.482211,0.118719,0.508928,0.0953972,0.847229,0,0,0,0,-0.267108,-0.00449452,0.957807,-0.106011,0,0,0,0,0,0,0,0,0,0,0,0,0,0,0,0,
-0.284361,-0.00750595,0.954716,-0.0871779,-0.27957,-0.007943,0.95613,-0.0871391,-0.272002,0.00154032,0.953738,-0.128047,0,0,0,0,0.241039,0.73967,-0.616158,-0.123036,0.0388828,-0.540134,0.162676,0.824791,0.108978,0.772092,-0.125836,0.613321,-0.0785777,0.744186,-0.230706,0.621922,-0.148884,0.629802,0.70735,-0.284321,-0.565661,0.779864,-0.127455,-0.235785,0.486868,0.0544862,-0.321568,0.810299,0.59832,0.147579,-0.195572,0.762879,-0.131958,-0.676271,0.724717,0.00543258,0.0741341,-0.477701,-0.0338746,0.874734,-0.0737131,-0.531013,0.0504397,0.842643,0,0,0,0,-0.251747,0.581206,0.702495,-0.324537,0.0171304,0.878181,0.0750133,0.472099,0.120141,0.525297,0.093524,0.837187,0,0,0,0,-0.273724,-0.00538626,0.955706,-0.10804,0,0,0,0,0,0,0,0,0,0,0,0,0,0,0,0,
-0.299736,-0.0080379,0.949737,-0.0899649,-0.289324,-0.00902204,0.95296,-0.0898715,-0.276105,-6.10819e-005,0.952461,-0.128779,0,0,0,0,0.246019,0.745366,-0.605605,-0.130949,0.0407997,-0.49196,0.162507,0.854343,0.118512,0.766817,-0.132712,0.616712,-0.0482247,0.751225,-0.00619995,0.658253,-0.146452,0.634392,0.702935,-0.286325,-0.562829,0.782457,-0.135014,-0.229687,0.587603,-0.408702,0.0254818,0.69788,0.611947,-0.279943,0.209208,0.709496,-0.142463,-0.674571,0.724248,0.0111622,0.0741947,-0.464005,-0.0345933,0.882042,-0.0712558,-0.527817,0.0496766,0.844905,0,0,0,0,-0.26166,0.574348,0.699584,-0.335023,0.0220526,0.885449,0.0781414,0.457589,0.119929,0.522545,0.0946894,0.838807,0,0,0,0,-0.277856,-0.00704177,0.954358,-0.109303,0,0,0,0,0,0,0,0,0,0,0,0,0,0,0,0,
-0.312123,-0.00845549,0.945558,-0.0918069,-0.297255,-0.00989436,0.950337,-0.091663,-0.279478,-0.00047884,0.951395,-0.129382,0,0,0,0,0.250367,0.746426,-0.601433,-0.135803,0.026162,-0.44141,0.171704,0.880336,0.109709,0.800272,-0.174302,0.563158,-0.0135069,0.739173,0.142278,0.658178,-0.146179,0.634971,0.701975,-0.287532,-0.558599,0.784008,-0.147974,-0.22672,0.484648,0.121128,-0.342191,0.795833,0.620084,0.228863,-0.188831,0.726265,-0.154964,-0.671845,0.724035,0.0195887,0.0747215,-0.452944,-0.0371453,0.887625,-0.0690528,-0.525257,0.0488291,0.84673,0,0,0,0,-0.267729,0.570511,0.69698,-0.342136,0.0249134,0.891171,0.0807272,0.445732,0.120872,0.53964,0.0920144,0.828077,0,0,0,0,-0.28127,-0.0076565,0.953262,-0.110094,0,0,0,0,0,0,0,0,0,0,0,0,0,0,0,0,
-0.335825,-0.00856857,0.937189,-0.0939391,-0.308097,-0.0113296,0.946667,-0.0936462,-0.277497,-0.00311437,0.951775,-0.130808,0,0,0,0,0.250833,0.745978,-0.60247,-0.13278,-0.0039122,-0.540127,0.181687,0.821728,-0.140442,0.734078,-0.410915,0.522068,-0.119644,0.744626,-0.401447,0.519672,-0.142349,0.636923,0.701147,-0.287156,-0.555508,0.781899,-0.160754,-0.232814,0.505175,0.150775,-0.324415,0.785379,0.603144,0.229744,-0.224441,0.73011,-0.185323,-0.659568,0.727261,0.0414292,0.0748553,-0.431736,-0.0439792,0.897812,-0.0695462,-0.526912,0.047461,0.845739,0,0,0,0,-0.277761,0.563494,0.693858,-0.351972,0.0315074,0.901685,0.0846256,0.422858,0.121005,0.535225,0.0929667,0.830812,0,0,0,0,-0.279319,-0.0100361,0.953667,-0.111352,0,0,0,0,0,0,0,0,0,0,0,0,0,0,0,0,
-0.339626,-0.0101112,0.935663,-0.0953257,-0.312775,-0.0128286,0.944977,-0.0949982,-0.283092,-0.00586758,0.949963,-0.131891,0,0,0,0,0.260219,0.745277,-0.597489,-0.140912,-0.0138018,-0.539748,0.18355,0.821457,-0.157287,0.731045,-0.419791,0.514402,-0.136813,0.741772,-0.410919,0.512057,-0.139857,0.638538,0.700016,-0.287553,-0.544363,0.788939,-0.198002,-0.205033,0.543357,0.141678,-0.310539,0.766978,0.569732,0.225737,-0.196805,0.76532,-0.190457,-0.659503,0.725825,0.0442709,0.0753336,-0.427995,-0.0446192,0.89953,-0.0671765,-0.522629,0.049136,0.848488,0,0,0,0,-0.277787,0.562632,0.693173,-0.354669,0.0323349,0.903308,0.084895,0.419263,0.120633,0.53249,0.0938071,0.832528,0,0,0,0,-0.284933,-0.0124559,0.951833,-0.112569,0,0,0,0,0,0,0,0,0,0,0,0,0,0,0,0,
-0.361181,-0.00911112,0.927441,-0.0965348,-0.331757,-0.0121506,0.938369,-0.0961995,-0.29934,-0.00375824,0.944906,-0.132419,0,0,0,0,0.267132,0.74187,-0.596616,-0.149399,-0.0231175,-0.528843,0.177072,0.829721,-0.162714,0.728897,-0.430536,0.506826,-0.142437,0.739777,-0.42207,0.504279,-0.155727,0.632993,0.695067,-0.303234,-0.542725,0.787044,-0.193119,-0.220718,0.551162,0.151774,-0.286533,0.76882,0.586742,0.221314,-0.194835,0.754184,-0.218879,-0.655514,0.71961,0.0674886,0.0773048,-0.408662,-0.0525482,0.907887,-0.0646993,-0.510847,0.0498254,0.855784,0,0,0,0,-0.286112,0.560718,0.686215,-0.364477,0.0363632,0.912415,0.0891746,0.397775,0.120017,0.527307,0.094757,0.835802,0,0,0,0,-0.301274,-0.0110315,0.946714,-0.113338,0,0,0,0,0,0,0,0,0,0,0,0,0,0,0,0,
-0.362772,-0.0107072,0.926615,-0.0983181,-0.335949,-0.0135329,0.936674,-0.0979691,-0.305945,-0.00468804,0.942516,-0.134314,0,0,0,0,0.275281,0.742456,-0.590101,-0.157353,-0.0265531,-0.529186,0.171225,0.830625,-0.180035,0.725083,-0.439896,0.498331,-0.16014,0.736114,-0.432073,0.495787,-0.15587,0.63311,0.693411,-0.306688,-0.541609,0.785001,-0.194714,-0.22917,0.5449,0.182337,-0.29541,0.763263,0.597156,0.253706,-0.201163,0.733874,-0.222136,-0.653456,0.720489,0.0674239,0.077101,-0.406935,-0.0526091,0.908676,-0.0657095,-0.505691,0.0485264,0.858839,0,0,0,0,-0.284908,0.55943,0.686948,-0.366016,0.034815,0.913114,0.0901822,0.396078,0.120537,0.527732,0.0956773,0.835353,0,0,0,0,-0.30796,-0.0121361,0.944318,-0.115228,0,0,0,0,0,0,0,0,0,0,0,0,0,0,0,0,
-0.363908,-0.0116795,0.926011,-0.0996924,-0.33878,-0.0143663,0.935496,-0.0993408,-0.310361,-0.00502181,0.940916,-0.135381,0,0,0,0,0.282058,0.742088,-0.585609,-0.16374,-0.0305644,-0.535374,0.166186,0.82754,-0.193499,0.723011,-0.439175,0.496929,-0.173865,0.734049,-0.431613,0.494624,-0.153458,0.636762,0.689891,-0.308279,-0.538975,0.779723,-0.20439,-0.244465,0.548815,0.193515,-0.286687,0.761029,0.602387,0.263933,-0.193002,0.728161,-0.224294,-0.653389,0.719872,0.0675207,0.0769819,-0.405719,-0.0523194,0.909246,-0.0602441,-0.50224,0.0512647,0.861102,0,0,0,0,-0.284385,0.558291,0.687391,-0.367327,0.0345161,0.913621,0.08989,0.394999,0.120219,0.525198,0.0967853,0.836867,0,0,0,0,-0.312422,-0.012662,0.94269,-0.116479,0,0,0,0,0,0,0,0,0,0,0,0,0,0,0,0,
-0.379115,-0.0110678,0.919708,-0.101421,-0.357125,-0.0134778,0.928468,-0.101129,-0.331555,-0.00197327,0.933504,-0.136515,0,0,0,0,0.284091,0.743322,-0.580629,-0.172149,-0.0318984,-0.536096,0.163749,0.827508,-0.197139,0.722297,-0.439765,0.496014,-0.177587,0.733345,-0.432294,0.49375,-0.178706,0.628361,0.678769,-0.335409,-0.52804,0.78642,-0.211158,-0.241101,0.550161,0.192737,-0.282481,0.761826,0.613897,0.269706,-0.177724,0.72028,-0.23857,-0.651005,0.716403,0.0777419,0.0775814,-0.391802,-0.0560928,0.915055,-0.0592766,-0.486634,0.0521835,0.870029,0,0,0,0,-0.293668,0.553274,0.682552,-0.376524,0.0377291,0.91969,0.093617,0.37945,0.120274,0.528645,0.0976331,0.834588,0,0,0,0,-0.333714,-0.0103153,0.935212,-0.117927,0,0,0,0,0,0,0,0,0,0,0,0,0,0,0,0,
-0.390898,-0.00979296,0.914639,-0.102659,-0.362397,-0.0129661,0.926301,-0.102306,-0.330369,-0.0014884,0.933863,-0.136943,0,0,0,0,0.287241,0.743771,-0.57755,-0.17531,-0.0329676,-0.538093,0.161892,0.826535,-0.214128,0.717737,-0.448699,0.487517,-0.195015,0.728884,-0.441885,0.485217,-0.173313,0.631607,0.679102,-0.331444,-0.526449,0.782335,-0.217915,-0.251627,-0.281796,0.758433,-0.55018,-0.20657,-0.165805,0.708662,-0.622002,-0.288825,-0.255388,-0.647874,0.711877,0.0909239,0.0767662,-0.381321,-0.0617228,0.91918,-0.0530688,-0.487481,0.0513856,0.870003,0,0,0,0,-0.298048,0.551603,0.679145,-0.38166,0.0407079,0.924223,0.0965523,0.367196,0.117595,0.508467,0.101191,0.846991,0,0,0,0,-0.332528,-0.00990246,0.935571,-0.118462,0,0,0,0,0,0,0,0,0,0,0,0,0,0,0,0,
-0.405007,-0.00802798,0.908382,-0.103669,-0.373613,-0.0115789,0.921739,-0.103332,-0.338704,0.000401025,0.930841,-0.137168,0,0,0,0,0.288966,0.743697,-0.575314,-0.180075,-0.0367399,-0.55543,0.159248,0.815345,-0.648487,0.721397,-0.242999,0.00135231,0.743475,-0.577799,0.327923,0.0765531,-0.181953,0.629658,0.673932,-0.340938,-0.521516,0.784195,-0.221742,-0.252765,-0.266428,0.759815,-0.558604,-0.199143,-0.150738,0.712146,-0.62538,-0.281115,-0.269779,-0.645039,0.707551,0.102546,0.0762936,-0.368291,-0.0645705,0.924322,-0.0494295,-0.481414,0.0522562,0.873537,0,0,0,0,-0.307336,0.545157,0.676768,-0.387729,0.0438953,0.92947,0.100221,0.352298,0.117239,0.514616,0.101163,0.843321,0,0,0,0,-0.340874,-0.00820953,0.932529,-0.118861,0,0,0,0,0,0,0,0,0,0,0,0,0,0,0,0,
-0.408483,-0.00761007,0.906729,-0.104528,-0.374124,-0.0115323,0.921438,-0.104169,-0.33632,-0.000201411,0.931576,-0.138038,0,0,0,0,0.292237,0.744658,-0.571608,-0.182609,-0.0370459,-0.556068,0.158446,0.815052,-0.644104,0.715577,-0.268578,0.0307402,0.729022,-0.573442,0.367538,0.0678712,-0.173968,0.634809,0.673599,-0.336179,-0.519646,0.780642,-0.228555,-0.261397,-0.266903,0.758617,-0.557465,-0.206145,-0.127272,0.706909,-0.627405,-0.30074,-0.277735,-0.643836,0.704633,0.108768,0.0753067,-0.365236,-0.0669183,0.925448,-0.0492672,-0.482886,0.0509428,0.872811,0,0,0,0,-0.306446,0.545649,0.676414,-0.388357,0.0440746,0.930804,0.100813,0.348566,0.120373,0.541881,0.0978832,0.826011,0,0,0,0,-0.338504,-0.00876378,0.933285,-0.119657,0,0,0,0,0,0,0,0,0,0,0,0,0,0,0,0,
-0.412246,-0.00829301,0.904938,-0.105224,-0.375396,-0.012532,0.920835,-0.104804,-0.335113,-0.00144899,0.931942,-0.138497,0,0,0,0,0.294165,0.746715,-0.567155,-0.184983,-0.0372871,-0.556181,0.157672,0.815115,-0.655858,0.714736,-0.242892,0.00243624,0.739176,-0.561294,0.353569,0.116433,-0.168413,0.638925,0.672251,-0.333903,-0.514329,0.779457,-0.237176,-0.267693,-0.239961,0.763595,-0.570386,-0.184393,-0.118157,0.719696,-0.629009,-0.269118,-0.28399,-0.642675,0.702459,0.113447,0.074863,-0.361471,-0.0676102,0.926911,-0.0528156,-0.483313,0.0512807,0.872347,0,0,0,0,-0.306672,0.544953,0.676002,-0.389872,0.0447224,0.932189,0.100778,0.344773,0.118582,0.526396,0.100979,0.835852,0,0,0,0,-0.337317,-0.0100056,0.933641,-0.120128,0,0,0,0,0,0,0,0,0,0,0,0,0,0,0,0,
-0.417754,-0.009038,0.90228,-0.106258,-0.382373,-0.0131607,0.917834,-0.105827,-0.343456,-0.00213199,0.92874,-0.139554,0,0,0,0,0.296318,0.748024,-0.562758,-0.189627,-0.0375768,-0.556407,0.156683,0.815138,0.6947,-0.696186,0.0900203,0.156888,0.796881,-0.518965,0.1934,0.241356,-0.174791,0.638864,0.665175,-0.344736,-0.512977,0.777528,-0.237887,-0.27516,-0.255895,0.757568,-0.560518,-0.215472,-0.132574,0.708189,-0.625267,-0.299891,-0.290204,-0.641451,0.700356,0.117577,0.0751366,-0.355975,-0.0680246,0.928983,-0.0504393,-0.477368,0.0501521,0.87582,0,0,0,0,-0.309254,0.542398,0.674996,-0.393125,0.0459508,0.934101,0.10206,0.339009,0.113218,0.48372,0.107232,0.861219,0,0,0,0,-0.345702,-0.0106938,0.930421,-0.121211,0,0,0,0,0,0,0,0,0,0,0,0,0,0,0,0,
-0.423485,-0.0096334,0.899522,-0.106903,-0.387619,-0.0138491,0.915549,-0.106439,-0.348208,-0.00312571,0.926885,-0.140092,0,0,0,0,0.299406,0.747964,-0.559875,-0.193511,-0.0381407,-0.557867,0.155076,0.814421,-0.688679,0.703984,-0.136661,-0.10701,0.783136,-0.520811,0.243497,0.236989,-0.178248,0.635949,0.665093,-0.348493,-0.515773,0.768783,-0.222414,-0.30575,-0.191587,0.749829,-0.581759,-0.250213,-0.17315,0.724948,-0.612404,-0.263498,-0.297555,-0.64056,0.697035,0.12364,0.0758113,-0.350272,-0.0687068,0.931043,-0.0514671,-0.47356,0.0508689,0.877784,0,0,0,0,-0.311738,0.539886,0.674402,-0.395632,0.0461621,0.936174,0.102709,0.333013,0.112591,0.480854,0.109181,0.86266,0,0,0,0,-0.35048,-0.0116453,0.928551,-0.121745,0,0,0,0,0,0,0,0,0,0,0,0,0,0,0,0,
-0.426733,-0.0105258,0.897889,-0.107624,-0.391811,-0.0146659,0.913669,-0.107139,-0.353338,-0.00453383,0.924848,-0.140669,0,0,0,0,0.301217,0.748435,-0.557316,-0.196245,-0.0384064,-0.558585,0.154521,0.814021,0.620621,-0.476052,-0.332608,0.526854,0.772592,-0.285276,-0.267862,0.499969,-0.183195,0.6324,0.664119,-0.354197,-0.50825,0.776584,-0.233531,-0.289934,-0.229795,0.749518,-0.57,-0.246002,-0.162573,0.723739,-0.602465,-0.29463,-0.300888,-0.64021,0.695555,0.125702,0.0759698,-0.346903,-0.0688975,0.932277,-0.0460712,-0.469869,0.0528611,0.879947,0,0,0,0,-0.313224,0.538118,0.673843,-0.397814,0.0476194,0.937285,0.102121,0.32985,0.110063,0.482566,0.10982,0.861948,0,0,0,0,-0.355627,-0.0129341,0.926488,-0.122404,0,0,0,0,0,0,0,0,0,0,0,0,0,0,0,0,
-0.429999,-0.0113113,0.896225,-0.108415,-0.394632,-0.0155412,0.912351,-0.10789,-0.355638,-0.00541359,0.923847,-0.141418,0,0,0,0,0.302425,0.751205,-0.551709,-0.19962,-0.0388486,-0.560006,0.153786,0.813163,-0.673437,0.707049,-0.214696,-0.0216926,0.723959,-0.547346,0.361667,0.21329,-0.183044,0.633351,0.66163,-0.357221,-0.511381,0.769263,-0.223997,-0.310724,-0.181968,0.755076,-0.581427,-0.242259,-0.167697,0.723366,-0.620443,-0.25233,-0.305422,-0.639697,0.693471,0.128855,0.0758937,-0.343534,-0.0691493,0.933511,-0.0452975,-0.468148,0.0502708,0.881055,0,0,0,0,-0.314165,0.536676,0.673447,-0.399685,0.0487,0.938414,0.101722,0.32659,0.114065,0.471206,0.115848,0.86691,0,0,0,0,-0.357967,-0.0139257,0.925466,-0.123202,0,0,0,0,0,0,0,0,0,0,0,0,0,0,0,0,
-0.43234,-0.0113437,0.894994,-0.109266,-0.3966,-0.015657,0.911395,-0.108731,-0.357094,-0.00485861,0.92314,-0.142384,0,0,0,0,0.303255,0.753512,-0.547101,-0.202329,-0.0388709,-0.559996,0.153491,0.813225,-0.677403,0.706092,-0.203583,-0.0333724,0.731601,-0.535326,0.352569,0.232124,-0.182198,0.635379,0.658545,-0.359745,-0.504887,0.771083,-0.231852,-0.311069,-0.193647,0.751191,-0.578067,-0.253083,-0.120085,0.721974,-0.610033,-0.303632,-0.308463,-0.639571,0.691887,0.130736,0.0759049,-0.341295,-0.0695637,0.9343,-0.0445314,-0.466792,0.0503507,0.881809,0,0,0,0,-0.314968,0.535641,0.673011,-0.401173,0.049421,0.939187,0.102363,0.324047,0.116156,0.4733,0.117681,0.865243,0,0,0,0,-0.359475,-0.0136664,0.924757,-0.124155,0,0,0,0,0,0,0,0,0,0,0,0,0,0,0,0,
-0.43619,-0.0116144,0.893033,-0.109984,-0.398989,-0.0161403,0.910262,-0.109411,-0.35799,-0.00516233,0.922727,-0.142796,0,0,0,0,0.303763,0.755227,-0.543797,-0.204069,-0.0388213,-0.559808,0.153041,0.813441,0.631514,-0.487958,-0.319703,0.510761,0.78243,-0.242759,-0.209832,0.533705,-0.181736,0.636038,0.657255,-0.36117,-0.50112,0.77171,-0.236554,-0.312067,-0.197634,0.748846,-0.577134,-0.25901,-0.109244,0.71662,-0.610729,-0.318639,-0.313289,-0.639394,0.68913,0.13463,0.0768095,-0.337555,-0.0705293,0.935512,-0.0433025,-0.466085,0.0489992,0.88232,0,0,0,0,-0.316704,0.533944,0.672298,-0.403259,0.0503697,0.940444,0.103338,0.319921,0.112794,0.473061,0.117219,0.865881,0,0,0,0,-0.360396,-0.0141102,0.924323,-0.124673,0,0,0,0,0,0,0,0,0,0,0,0,0,0,0,0,
-0.43673,-0.0123325,0.892683,-0.110594,-0.399521,-0.0168857,0.909945,-0.109991,-0.358496,-0.00614383,0.922458,-0.143228,0,0,0,0,0.304351,0.756711,-0.540959,-0.205238,-0.0388852,-0.559986,0.152752,0.81337,0.423143,-0.209266,-0.568377,0.673873,0.657429,-0.0120431,-0.454389,0.600977,-0.180348,0.637534,0.655544,-0.362335,-0.49654,0.773604,-0.241283,-0.311074,-0.206896,0.743567,-0.575023,-0.271387,-0.111412,0.707535,-0.611877,-0.33554,-0.314566,-0.639644,0.688227,0.135082,0.0765343,-0.336861,-0.0702908,0.935803,-0.0461563,-0.465409,0.0495935,0.882499,0,0,0,0,-0.31627,0.533435,0.672556,-0.403842,0.0509226,0.940631,0.102601,0.31952,0.111116,0.518594,0.111367,0.840423,0,0,0,0,-0.36091,-0.015048,0.924038,-0.125183,0,0,0,0,0,0,0,0,0,0,0,0,0,0,0,0,
-0.438114,-0.012676,0.891913,-0.111297,-0.4004,-0.0173232,0.909468,-0.110669,-0.358813,-0.00635177,0.922242,-0.143815,0,0,0,0,0.30527,0.75776,-0.5385,-0.206466,-0.0389362,-0.56005,0.152563,0.813359,0.230451,0.00527315,-0.670769,0.704935,-0.400068,-0.22202,0.694375,-0.555424,-0.17892,0.638693,0.654478,-0.362928,-0.496033,0.773212,-0.241485,-0.312697,-0.1992,0.747357,-0.576846,-0.262727,-0.101979,0.718818,-0.60385,-0.329038,-0.316819,-0.639839,0.686733,0.136491,0.0766904,-0.335494,-0.070661,0.936253,-0.0454065,-0.465053,0.0493517,0.882739,0,0,0,0,-0.316461,0.53254,0.672658,-0.404704,0.0519151,0.941077,0.102238,0.318161,0.108572,0.515614,0.112276,0.842466,0,0,0,0,-0.361251,-0.0153554,0.923815,-0.125812,0,0,0,0,0,0,0,0,0,0,0,0,0,0,0,0,
-0.438909,-0.013021,0.891388,-0.112323,-0.400472,-0.0178022,0.909305,-0.111665,-0.35802,-0.00723125,0.922255,-0.145654,0,0,0,0,0.303083,0.764552,-0.529454,-0.208036,-0.0388091,-0.558861,0.151967,0.814294,0.177729,0.0606618,-0.693003,0.696045,-0.343945,-0.299191,0.714777,-0.530359,-0.177848,0.638454,0.653576,-0.365492,-0.490477,0.776281,-0.244066,-0.311853,-0.187346,0.750641,-0.581025,-0.252685,-0.0745028,0.723551,-0.601415,-0.33049,-0.31884,-0.640707,0.684769,0.137576,0.0769592,-0.334727,-0.0706808,0.936504,-0.0469413,-0.46502,0.0483515,0.882732,0,0,0,0,-0.315983,0.531888,0.672947,-0.405453,0.0521609,0.941339,0.102439,0.317279,0.107596,0.520937,0.110953,0.839486,0,0,0,0,-0.360502,-0.0161805,0.923871,-0.127433,0,0,0,0,0,0,0,0,0,0,0,0,0,0,0,0,
-0.439892,-0.0128692,0.890731,-0.113698,-0.400387,-0.0178454,0.909174,-0.113023,-0.35677,-0.00745316,0.922477,-0.147296,0,0,0,0,0.302287,0.769216,-0.522691,-0.209101,-0.03872,-0.557814,0.151661,0.815072,0.385334,-0.155918,-0.608478,0.67599,0.582008,0.0236085,-0.543456,0.604455,-0.175474,0.639076,0.653054,-0.366485,-0.490336,0.77575,-0.242429,-0.31466,-0.19528,0.747094,-0.576472,-0.267202,-0.0868061,0.712792,-0.607404,-0.339782,-0.321052,-0.641253,0.683074,0.138311,0.077085,-0.3339,-0.0704826,0.936804,-0.0447598,-0.465696,0.0467726,0.882574,0,0,0,0,-0.315666,0.531216,0.672989,-0.40651,0.0534058,0.941613,0.102675,0.316181,0.105693,0.520196,0.111026,0.840177,0,0,0,0,-0.359276,-0.0164167,0.924115,-0.129086,0,0,0,0,0,0,0,0,0,0,0,0,0,0,0,0,
-0.440759,-0.0129842,0.890201,-0.114473,-0.40094,-0.0180365,0.908831,-0.113786,-0.356947,-0.00744809,0.922272,-0.148147,0,0,0,0,0.3039,0.769374,-0.521197,-0.209912,-0.0388348,-0.558133,0.151574,0.814865,0.266565,-0.029132,-0.669916,0.69232,0.474178,0.163377,-0.628053,0.594989,-0.173685,0.640101,0.652433,-0.366654,-0.487639,0.774549,-0.245,-0.319776,-0.181001,0.752001,-0.579674,-0.256343,-0.0842535,0.721952,-0.606737,-0.321801,-0.323057,-0.641555,0.6816,0.139507,0.0770731,-0.333051,-0.0702673,0.937123,-0.0441376,-0.465494,0.045763,0.882764,0,0,0,0,-0.315428,0.530777,0.673046,-0.407174,0.054251,0.941929,0.101761,0.315389,0.103834,0.519005,0.112102,0.841003,0,0,0,0,-0.35948,-0.0165123,0.923911,-0.129958,0,0,0,0,0,0,0,0,0,0,0,0,0,0,0,0,
-0.441992,-0.0131276,0.889488,-0.115246,-0.401721,-0.0182747,0.908386,-0.114543,-0.357257,-0.00769943,0.922086,-0.148543,0,0,0,0,0.303283,0.77143,-0.518195,-0.210684,-0.0383915,-0.555381,0.151562,0.816766,0.446553,-0.219403,-0.569136,0.654627,0.645602,-0.0371457,-0.433357,0.62771,-0.173912,0.639828,0.651782,-0.368178,-0.484713,0.775251,-0.246448,-0.321408,-0.182226,0.750634,-0.57849,-0.26209,-0.0817082,0.725462,-0.597855,-0.331054,-0.324981,-0.642239,0.679764,0.140843,0.0773073,-0.331878,-0.0704576,0.937505,-0.0441338,-0.465075,0.0460632,0.88297,0,0,0,0,-0.315548,0.530165,0.672884,-0.408144,0.0547766,0.942334,0.101797,0.314076,0.104235,0.520732,0.112442,0.839839,0,0,0,0,-0.359794,-0.0168001,0.923709,-0.130493,0,0,0,0,0,0,0,0,0,0,0,0,0,0,0,0,
-0.443758,-0.013135,0.888487,-0.116177,-0.402349,-0.018474,0.90799,-0.115448,-0.356753,-0.00799756,0.922191,-0.149086,0,0,0,0,0.304068,0.772557,-0.515744,-0.211437,-0.0378395,-0.552118,0.151624,0.81899,0.488947,-0.255535,-0.547475,0.629208,0.664683,-0.0818048,-0.383395,0.636013,-0.171774,0.640977,0.651416,-0.36783,-0.48228,0.775698,-0.247746,-0.322987,-0.178061,0.751019,-0.579408,-0.261822,-0.0833764,0.73254,-0.590492,-0.328258,-0.327384,-0.642764,0.677781,0.142434,0.0772636,-0.330129,-0.0699701,0.938163,-0.0444791,-0.46533,0.044763,0.882885,0,0,0,0,-0.315975,0.529438,0.672408,-0.40954,0.0559903,0.942841,0.102364,0.31215,0.103594,0.516102,0.11339,0.842645,0,0,0,0,-0.359295,-0.0171166,0.923805,-0.131143,0,0,0,0,0,0,0,0,0,0,0,0,0,0,0,0,
-0.444785,-0.0130507,0.887933,-0.116491,-0.403483,-0.0183938,0.907448,-0.115768,-0.357975,-0.00769829,0.921722,-0.149074,0,0,0,0,0.303248,0.773511,-0.514476,-0.212219,-0.0379091,-0.55218,0.151564,0.818956,0.480994,-0.246447,-0.554562,0.632748,0.647901,-0.0800593,-0.409658,0.637178,-0.173363,0.640956,0.649661,-0.370217,-0.479203,0.777196,-0.248899,-0.323078,-0.187512,0.746205,-0.575927,-0.27627,-0.113309,0.735566,-0.580893,-0.329646,-0.328902,-0.643019,0.676507,0.143836,0.0771376,-0.32915,-0.0701615,0.938503,-0.0415438,-0.46462,0.0443426,0.883423,0,0,0,0,-0.316353,0.528921,0.672357,-0.41,0.0561868,0.943196,0.102357,0.311041,0.10355,0.510262,0.114998,0.845982,0,0,0,0,-0.360516,-0.0168705,0.923324,-0.131215,0,0,0,0,0,0,0,0,0,0,0,0,0,0,0,0,
-0.445784,-0.0125523,0.887409,-0.116723,-0.404278,-0.0179356,0.907071,-0.116017,-0.358607,-0.0075415,0.921459,-0.14919,0,0,0,0,0.303302,0.773736,-0.513811,-0.212928,-0.0379188,-0.552044,0.151533,0.819053,0.473993,-0.237916,-0.561194,0.635443,0.645934,-0.0642379,-0.375944,0.661294,-0.173817,0.641096,0.648952,-0.371005,-0.477586,0.777488,-0.248402,-0.325147,0.576293,0.273298,-0.181754,0.748439,0.571553,0.339696,-0.0909433,0.741393,-0.330944,-0.641484,0.676725,0.144975,0.0771388,-0.32833,-0.0706668,0.938752,-0.0402414,-0.464161,0.04396,0.883743,0,0,0,0,-0.316221,0.529356,0.671907,-0.410276,0.055693,0.943559,0.103113,0.309778,0.102432,0.500091,0.116822,0.851921,0,0,0,0,-0.36114,-0.0166157,0.923078,-0.131257,0,0,0,0,0,0,0,0,0,0,0,0,0,0,0,0,
-0.446043,-0.0126848,0.887208,-0.117247,-0.403987,-0.0181639,0.907131,-0.116524,-0.357724,-0.00790595,0.92167,-0.149986,0,0,0,0,0.303386,0.775131,-0.511665,-0.212903,-0.0377255,-0.550835,0.151518,0.819878,0.430418,-0.18665,-0.597296,0.650492,0.593821,-0.0210058,-0.444111,0.670598,-0.172098,0.641669,0.648943,-0.370832,-0.477651,0.776742,-0.244965,-0.329415,0.576019,0.268231,-0.172288,0.752709,0.553599,0.325947,-0.0975997,0.760106,-0.332033,-0.642429,0.675078,0.145975,0.0771515,-0.32806,-0.0703616,0.938868,-0.0393969,-0.464733,0.0431543,0.883521,0,0,0,0,-0.315913,0.528897,0.672322,-0.410426,0.0555449,0.943662,0.103216,0.309457,0.099694,0.484757,0.119213,0.860732,0,0,0,0,-0.360277,-0.0169821,0.923306,-0.131981,0,0,0,0,0,0,0,0,0,0,0,0,0,0,0,0,
-0.447026,-0.012478,0.886624,-0.117942,-0.403892,-0.0181327,0.907086,-0.117206,-0.356361,-0.00768976,0.92188,-0.151941,0,0,0,0,0.303361,0.777959,-0.507169,-0.213381,0.030054,-0.565336,0.0904029,0.819341,0.509657,-0.287812,-0.5157,0.625674,0.783281,-0.0651949,-0.258116,0.56178,-0.169245,0.64314,0.648048,-0.371162,-0.474652,0.778821,-0.24599,-0.328073,0.572607,0.275481,-0.18054,0.750758,0.552186,0.333601,-0.104536,0.756884,-0.334262,-0.643426,0.672547,0.148165,0.076706,-0.327055,-0.0693737,0.939329,-0.042205,-0.465084,0.0430315,0.883212,0,0,0,0,-0.315959,0.528118,0.672721,-0.410741,0.0563501,0.943997,0.102723,0.308452,0.0963028,0.469076,0.121093,0.8695,0,0,0,0,-0.358993,-0.0168799,0.923599,-0.133429,0,0,0,0,0,0,0,0,0,0,0,0,0,0,0,0,
-0.44624,-0.0126536,0.886954,-0.118412,-0.402998,-0.0183428,0.90742,-0.117665,-0.355363,-0.00789641,0.922289,-0.151781,0,0,0,0,0.301108,0.780473,-0.504716,-0.213208,0.0298357,-0.56458,0.091359,0.819764,0.4693,-0.236431,-0.556773,0.64332,0.711899,-0.0270764,-0.404578,0.573396,-0.179905,0.649287,0.6448,-0.360962,-0.472696,0.780339,-0.243439,-0.329192,0.567292,0.288414,-0.188409,0.747996,0.541651,0.348365,-0.110648,0.756977,-0.33444,-0.643326,0.672686,0.147564,0.0775951,-0.327939,-0.0695773,0.938933,-0.0413195,-0.465701,0.0450302,0.882829,0,0,0,0,-0.314763,0.528387,0.673282,-0.410395,0.0568627,0.943794,0.101118,0.309508,0.0947389,0.472597,0.121059,0.867768,0,0,0,0,-0.357984,-0.017047,0.924007,-0.133296,0,0,0,0,0,0,0,0,0,0,0,0,0,0,0,0,
-0.446399,-0.0125403,0.886819,-0.118839,-0.402644,-0.0183178,0.907523,-0.118087,-0.35445,-0.00771172,0.922565,-0.152246,0,0,0,0,0.300542,0.781755,-0.503142,-0.213031,0.0263368,-0.552127,0.094643,0.827952,0.344453,-0.0729471,-0.67308,0.65038,0.511514,0.0963684,-0.482585,0.7044,-0.178649,0.650824,0.643694,-0.360793,-0.476466,0.773045,-0.228439,-0.350995,0.556994,0.155961,-0.124558,0.806176,0.63513,0.210534,-0.0281893,0.742624,-0.335261,-0.643876,0.671599,0.148256,0.0782211,-0.3279,-0.0697013,0.938885,-0.0415266,-0.466278,0.0446218,0.882536,0,0,0,0,-0.314596,0.528025,0.673611,-0.410447,0.0570532,0.943804,0.101774,0.309227,0.0954034,0.475786,0.119947,0.866105,0,0,0,0,-0.357089,-0.0169324,0.924297,-0.133701,0,0,0,0,0,0,0,0,0,0,0,0,0,0,0,0,
-0.445389,-0.0121534,0.887275,-0.119267,-0.402896,-0.0177846,0.90736,-0.118558,-0.356014,-0.00741309,0.922003,-0.152016,0,0,0,0,0.300301,0.78138,-0.503646,-0.213551,0.0253493,-0.535616,0.0968393,0.838507,-0.250404,-0.0413562,0.709885,-0.657001,-0.267074,-0.0487844,0.733698,-0.62288,-0.174747,0.662469,0.630242,-0.365229,-0.481383,0.772412,-0.228876,-0.345349,0.546679,0.22822,-0.179863,0.785307,0.607979,0.286067,-0.0832324,0.735934,-0.335398,-0.642269,0.673369,0.146875,0.0792122,-0.329218,-0.0705386,0.938278,-0.0412775,-0.465516,0.0446332,0.882949,0,0,0,0,-0.313151,0.529157,0.673631,-0.410062,0.0570598,0.943438,0.102313,0.310162,0.0989735,0.484492,0.120387,0.860801,0,0,0,0,-0.358628,-0.0165393,0.923731,-0.133539,0,0,0,0,0,0,0,0,0,0,0,0,0,0,0,0,
-0.443998,-0.0116,0.887871,-0.120066,-0.401903,-0.0172138,0.907702,-0.119391,-0.355475,-0.00705579,0.922187,-0.152184,0,0,0,0,0.299691,0.782169,-0.502898,-0.213286,0.0236178,-0.535157,0.0984374,0.838665,0.520965,-0.232733,-0.544064,0.615162,0.534073,-0.214414,-0.532833,0.620388,-0.175187,0.661643,0.631158,-0.364934,-0.475587,0.779744,-0.231518,-0.334986,0.530571,0.299353,-0.231371,0.758518,0.575815,0.346338,-0.157172,0.723729,-0.335048,-0.641489,0.674698,0.144974,0.0800231,-0.330983,-0.0712576,0.937533,-0.0399409,-0.465992,0.0437951,0.882801,0,0,0,0,-0.311675,0.52995,0.67389,-0.409736,0.0555926,0.943134,0.101964,0.311467,0.0994716,0.497639,0.11934,0.853357,0,0,0,0,-0.358076,-0.0161849,0.92391,-0.133831,0,0,0,0,0,0,0,0,0,0,0,0,0,0,0,0,
-0.442985,-0.0117075,0.888314,-0.120521,-0.400753,-0.017358,0.908149,-0.119838,-0.354194,-0.00717553,0.922657,-0.152311,0,0,0,0,0.298448,0.783357,-0.502266,-0.212152,0.0155347,-0.559834,0.101536,0.822213,0.516751,-0.247588,-0.576573,0.582436,0.521491,-0.213122,-0.506236,0.652956,-0.175719,0.659816,0.633395,-0.36411,-0.469678,0.78614,-0.233086,-0.327195,0.579615,-0.0435995,0.00730896,0.81369,0.578378,0.0107442,0.0836783,0.811395,-0.334557,-0.641781,0.674893,0.143905,0.0799732,-0.332,-0.0709504,0.937201,-0.038741,-0.467049,0.043523,0.88231,0,0,0,0,-0.310735,0.530022,0.674463,-0.409414,0.0553331,0.942822,0.101709,0.312539,0.100493,0.502803,0.118217,0.850362,0,0,0,0,-0.356777,-0.016266,0.92437,-0.134109,0,0,0,0,0,0,0,0,0,0,0,0,0,0,0,0,
-0.439297,-0.0125322,0.890068,-0.121,-0.397864,-0.0180883,0.909344,-0.120295,-0.352065,-0.00773863,0.923424,-0.152574,0,0,0,0,0.297078,0.78422,-0.502762,-0.209699,0.0147247,-0.559575,0.103896,0.82211,0.619433,-0.357203,-0.464296,0.522627,0.634376,-0.312161,-0.424027,0.565972,-0.176404,0.655802,0.638347,-0.362379,-0.46519,0.791804,-0.231429,-0.321069,0.559272,-0.246138,0.149067,0.777438,0.523649,-0.187313,0.225274,0.799973,-0.332148,-0.641068,0.677607,0.13985,0.0801896,-0.335581,-0.0708423,0.935915,-0.043175,-0.46827,0.0454977,0.881356,0,0,0,0,-0.307128,0.531892,0.675479,-0.408034,0.0531778,0.94171,0.101066,0.31645,0.102254,0.50578,0.118048,0.848408,0,0,0,0,-0.354642,-0.016799,0.925127,-0.134488,0,0,0,0,0,0,0,0,0,0,0,0,0,0,0,0,
-0.434586,-0.0129571,0.892336,-0.12126,-0.39369,-0.0184406,0.911118,-0.120548,-0.348398,-0.0080512,0.924794,-0.152678,0,0,0,0,0.292441,0.78762,-0.501649,-0.206112,0.00976226,-0.558796,0.10808,0.822174,0.621559,-0.35946,-0.46178,0.52078,0.625117,-0.33406,-0.428388,0.56046,-0.177355,0.653614,0.641145,-0.360926,-0.461598,0.799086,-0.224297,-0.313178,0.548828,-0.292151,0.170301,0.764482,0.520186,-0.243415,0.235638,0.783984,-0.32795,-0.643314,0.678292,0.136072,0.0801955,-0.339974,-0.0681989,0.934524,-0.0448842,-0.471195,0.0430512,0.879834,0,0,0,0,-0.303648,0.533399,0.677237,-0.405751,0.0518968,0.94022,0.0993642,0.32159,0.0992592,0.515519,0.116137,0.843149,0,0,0,0,-0.350956,-0.0170398,0.926502,-0.134665,0,0,0,0,0,0,0,0,0,0,0,0,0,0,0,0,
-0.430922,-0.0129255,0.89412,-0.121198,-0.39138,-0.0182171,0.912121,-0.120516,-0.347391,-0.00722953,0.925225,-0.152398,0,0,0,0,0.289797,0.788962,-0.501616,-0.204788,-0.499909,0.824764,-0.264093,0.0105244,0.348017,-0.186323,-0.43804,0.807644,0.244821,-0.254695,-0.457655,0.815932,-0.179588,0.651915,0.642247,-0.360934,-0.457879,0.805648,-0.219073,-0.305425,0.570435,-0.121146,0.0399555,0.811376,0.54501,-0.065366,0.116545,0.827713,-0.324443,-0.644851,0.679083,0.13323,0.0805786,-0.343601,-0.0675234,0.933213,-0.0447456,-0.472007,0.04301,0.879407,0,0,0,0,-0.301537,0.534269,0.678708,-0.403716,0.0497456,0.939092,0.0987478,0.325394,0.0996813,0.51995,0.115064,0.840521,0,0,0,0,-0.34995,-0.016415,0.926915,-0.134514,0,0,0,0,0,0,0,0,0,0,0,0,0,0,0,0,
-0.425124,-0.0135602,0.897,-0.120319,-0.387726,-0.0185164,0.913788,-0.119656,-0.345957,-0.00729493,0.926028,-0.15077,0,0,0,0,0.284336,0.79028,-0.504026,-0.201415,-0.503297,0.824354,-0.258721,0.0139811,0.488847,-0.47587,-0.277984,0.676241,0.398233,-0.54392,-0.309416,0.670689,-0.173373,0.638848,0.65018,-0.372936,-0.452675,0.817016,-0.210907,-0.28825,0.501406,0.31446,-0.271017,0.759116,0.519454,0.360808,-0.200182,0.748273,-0.316926,-0.648834,0.679762,0.128435,0.0812101,-0.348901,-0.0649532,0.931372,-0.0446781,-0.473508,0.0430209,0.878603,0,0,0,0,-0.298592,0.53568,0.680892,-0.400345,0.0475405,0.937155,0.0975334,0.331613,0.0987988,0.52852,0.113274,0.835508,0,0,0,0,-0.348457,-0.0164137,0.92767,-0.13318,0,0,0,0,0,0,0,0,0,0,0,0,0,0,0,0,
-0.416523,-0.0144349,0.901122,-0.119498,-0.381513,-0.0190259,0.916493,-0.118854,-0.342157,-0.00759309,0.927582,-0.149874,0,0,0,0,0.27904,0.791495,-0.507141,-0.196164,-0.28005,0.656924,-0.507791,0.481841,-0.541958,0.815084,-0.151112,-0.138146,-0.467783,0.880137,0.0174632,-0.0789527,-0.177255,0.631046,0.658271,-0.370191,-0.451735,0.822128,-0.199731,-0.283106,0.170465,0.75482,-0.539514,0.331833,0.204269,0.774715,-0.512192,0.309434,-0.306094,-0.653868,0.68135,0.120514,0.0811185,-0.3568,-0.061737,0.928602,-0.0416726,-0.476813,0.0422024,0.877001,0,0,0,0,-0.294122,0.537943,0.683543,-0.396078,0.0448462,0.934175,0.0958635,0.340758,0.0979814,0.520158,0.113025,0.840869,0,0,0,0,-0.344623,-0.0166002,0.929226,-0.132282,0,0,0,0,0,0,0,0,0,0,0,0,0,0,0,0,
-0.407501,-0.0151708,0.90536,-0.118471,-0.374972,-0.0193839,0.91931,-0.117855,-0.338105,-0.0074929,0.929236,-0.148828,0,0,0,0,0.274407,0.79241,-0.509989,-0.19157,0.0380857,0.215706,-0.566189,0.794639,-0.45006,0.815955,-0.331577,0.147382,-0.567888,0.736724,-0.0723209,0.359876,-0.178003,0.628549,0.662077,-0.36728,-0.456193,0.81802,-0.184135,-0.298037,0.44908,0.276275,-0.289368,0.798915,0.605975,0.350247,-0.163644,0.695228,-0.29485,-0.658223,0.683536,0.112179,0.0810863,-0.365175,-0.0595551,0.925487,-0.0430914,-0.479893,0.0428394,0.87522,0,0,0,0,-0.289873,0.540063,0.686306,-0.391522,0.0418632,0.930968,0.094203,0.350246,0.10016,0.549146,0.108995,0.822513,0,0,0,0,-0.340541,-0.0164628,0.930881,-0.131229,0,0,0,0,0,0,0,0,0,0,0,0,0,0,0,0,
-0.396842,-0.0158574,0.910155,-0.117826,-0.366135,-0.0197949,0.922936,-0.117229,-0.331104,-0.00768232,0.931827,-0.148352,0,0,0,0,0.271949,0.793599,-0.511069,-0.187225,0.0306339,0.225866,-0.566926,0.791607,-0.253582,0.665266,-0.4969,0.496193,-0.463108,0.437441,-0.348086,0.687759,-0.171348,0.632166,0.664371,-0.360024,-0.452496,0.830895,-0.183511,-0.266803,0.537332,-0.342529,0.10622,0.763325,0.535595,-0.256311,0.234517,0.769704,-0.281152,-0.66293,0.686496,0.101002,0.0802084,-0.375019,-0.0563425,0.92182,-0.0445204,-0.485024,0.0430218,0.872307,0,0,0,0,-0.284791,0.542977,0.688612,-0.387147,0.0386484,0.927002,0.0933585,0.361189,0.10281,0.569263,0.10545,0.808857,0,0,0,0,-0.333513,-0.0165707,0.933496,-0.130692,0,0,0,0,0,0,0,0,0,0,0,0,0,0,0,0,
-0.386729,-0.0162087,0.914551,-0.117364,-0.363186,-0.0192082,0.924153,-0.11691,-0.335209,-0.00438867,0.930463,-0.147832,0,0,0,0,0.278665,0.783032,-0.523615,-0.187175,0.0690482,0.160581,-0.555377,0.813021,-0.242904,0.657184,-0.501475,0.507572,-0.441082,0.429701,-0.346388,0.707686,-0.174894,0.629099,0.66705,-0.358736,-0.445507,0.844114,-0.177425,-0.239824,0.540029,-0.358767,0.10936,0.753456,0.522039,-0.30115,0.196262,0.773476,-0.26995,-0.66422,0.691161,0.0907421,0.0783449,-0.384337,-0.0528385,0.918344,-0.0439361,-0.482465,0.0426831,0.873771,0,0,0,0,-0.280544,0.544566,0.691579,-0.382702,0.0318777,0.923316,0.093298,0.371169,0.101164,0.546072,0.108245,0.824533,0,0,0,0,-0.337703,-0.0141403,0.932087,-0.130269,0,0,0,0,0,0,0,0,0,0,0,0,0,0,0,0,
-0.375781,-0.016233,0.919234,-0.116335,-0.35174,-0.019254,0.928699,-0.115873,-0.323308,-0.00422427,0.934746,-0.14732,0,0,0,0,0.277549,0.780846,-0.530119,-0.179501,-0.553412,0.815137,-0.0544075,-0.162254,-0.547518,0.820971,-0.135432,0.0888149,-0.383116,0.8548,-0.349501,-0.0197006,-0.16067,0.638244,0.669462,-0.344455,-0.460298,0.839862,-0.157004,-0.241055,0.457583,0.250131,-0.297638,0.799665,0.491167,0.282406,-0.25127,0.784771,-0.260704,-0.665561,0.694333,0.0834467,0.0780843,-0.394501,-0.0500871,0.914201,-0.0433504,-0.491768,0.042349,0.868614,0,0,0,0,-0.273814,0.546657,0.696849,-0.374958,0.0293879,0.919043,0.0907957,0.382429,0.100288,0.546947,0.10677,0.824252,0,0,0,0,-0.32576,-0.0137598,0.936452,-0.129417,0,0,0,0,0,0,0,0,0,0,0,0,0,0,0,0,
-0.365937,-0.0158133,0.923311,-0.115483,-0.349208,-0.0178956,0.929767,-0.115179,-0.327905,0.000683331,0.933259,-0.146645,0,0,0,0,0.28143,0.767908,-0.547664,-0.176574,-0.551459,0.821822,-0.0564189,-0.131601,-0.524066,0.811364,-0.191815,0.173928,-0.428813,0.854701,-0.262172,0.129893,-0.169386,0.631429,0.673243,-0.34547,-0.468967,0.844897,-0.119746,-0.227773,0.44266,0.227837,-0.298947,0.814109,0.4734,0.248894,-0.271694,0.800079,-0.249466,-0.661968,0.703097,0.0722474,0.077413,-0.403555,-0.0459822,0.910514,-0.043061,-0.489282,0.0421202,0.870043,0,0,0,0,-0.270391,0.545961,0.702025,-0.368749,0.0249044,0.915149,0.0899959,0.392151,0.101613,0.560295,0.104848,0.815323,0,0,0,0,-0.33041,-0.00952956,0.934995,-0.128544,0,0,0,0,0,0,0,0,0,0,0,0,0,0,0,0,
-0.356528,-0.0146416,0.927257,-0.113433,-0.346104,-0.0159131,0.931198,-0.113262,-0.331128,0.00508155,0.932513,-0.144042,0,0,0,0,0.277033,0.762691,-0.558131,-0.173333,-0.280145,0.533078,-0.479122,0.638583,-0.302011,0.635836,-0.415673,0.575949,-0.417232,0.556124,-0.466159,0.54712,-0.179901,0.62831,0.670895,-0.350375,-0.469887,0.849537,-0.0993318,-0.218234,0.429256,0.202585,-0.299886,0.827506,0.473146,0.226304,-0.272738,0.806556,-0.240175,-0.662449,0.70645,0.0663745,0.0779311,-0.412389,-0.0440223,0.9066,-0.0427701,-0.487806,0.0424489,0.87087,0,0,0,0,-0.266284,0.548591,0.704962,-0.362174,0.0191001,0.911377,0.0893392,0.401304,0.103064,0.560661,0.10426,0.814964,0,0,0,0,-0.333562,-0.00537613,0.934231,-0.126172,0,0,0,0,0,0,0,0,0,0,0,0,0,0,0,0,
-0.344915,-0.0131121,0.931826,-0.112081,-0.340557,-0.0136357,0.933428,-0.112018,-0.331892,0.00652106,0.932267,-0.143816,0,0,0,0,0.276923,0.755678,-0.569142,-0.168351,-0.279233,0.512225,-0.480768,0.654611,-0.28918,0.601615,-0.426184,0.610575,-0.408338,0.514399,-0.455712,0.600817,-0.186146,0.620859,0.676046,-0.350493,-0.462152,0.86112,-0.0788205,-0.19666,0.495463,-0.284749,-0.0830907,0.816413,0.593668,-0.1988,0.0719805,0.776438,-0.225641,-0.66403,0.710718,0.0550544,0.0778511,-0.423152,-0.0393934,0.901848,-0.0431975,-0.487985,0.042731,0.870734,0,0,0,0,-0.261268,0.55145,0.707991,-0.355513,0.0164299,0.906485,0.0870851,0.412834,0.098427,0.522011,0.108114,0.840314,0,0,0,0,-0.334208,-0.00317704,0.934079,-0.12566,0,0,0,0,0,0,0,0,0,0,0,0,0,0,0,0,
-0.329579,-0.0118581,0.93752,-0.110875,-0.33292,-0.0114626,0.936339,-0.110917,-0.332157,0.00915292,0.932254,-0.143148,0,0,0,0,0.275578,0.74957,-0.57924,-0.163352,-0.349551,0.589473,-0.428414,0.588895,-0.458408,0.825632,-0.203889,0.258114,-0.631915,0.701599,-0.195129,0.265269,-0.192776,0.613424,0.680797,-0.350804,-0.463982,0.865505,-0.0624336,-0.178112,0.383267,0.190264,-0.331638,0.840787,0.474927,0.2288,-0.30101,0.794663,-0.205067,-0.666562,0.715663,0.0383199,0.077081,-0.437158,-0.033851,0.895436,-0.0427064,-0.488495,0.0432638,0.870447,0,0,0,0,-0.25531,0.553929,0.711996,-0.34791,0.0109184,0.899799,0.0859292,0.42762,0.103052,0.549524,0.105134,0.822405,0,0,0,0,-0.334398,-0.000308096,0.934121,-0.124885,0,0,0,0,0,0,0,0,0,0,0,0,0,0,0,0,
-0.308952,-0.0116555,0.944628,-0.109955,-0.309945,-0.01154,0.944303,-0.109967,-0.307012,0.00745657,0.94091,-0.142744,0,0,0,0,0.275576,0.745041,-0.587956,-0.152576,0.136293,0.706447,-0.239987,-0.651739,-0.59069,0.729066,-0.181752,0.294132,0.712168,-0.622524,0.22731,-0.231542,-0.155506,0.638921,0.682138,-0.319821,-0.472351,0.864485,-0.0628787,-0.159989,0.471526,-0.188441,-0.188412,0.840627,0.597552,-0.100437,-0.0371276,0.794648,-0.180342,-0.671975,0.718048,0.0182674,0.0745403,-0.455701,-0.0287128,0.886541,-0.041169,-0.507087,0.0431933,0.859827,0,0,0,0,-0.24531,0.559601,0.715239,-0.339267,0.00487968,0.890364,0.0845027,0.447312,0.104991,0.549616,0.103151,0.82235,0,0,0,0,-0.309127,-0.00133294,0.942873,-0.124217,0,0,0,0,0,0,0,0,0,0,0,0,0,0,0,0,
-0.288882,-0.0119291,0.951177,-0.108021,-0.298758,-0.010805,0.948121,-0.108139,-0.304899,0.0100024,0.942038,-0.139647,0,0,0,0,0.268809,0.740643,-0.598359,-0.145451,-0.107367,-0.635798,0.258572,0.719287,0.0814956,0.990287,-0.112485,0.00616059,0.106675,0.987745,-0.113881,0.00353365,-0.16292,0.632705,0.686272,-0.319643,-0.454646,0.885069,-0.0553632,-0.0829745,0.403868,0.0524846,-0.331979,0.850838,0.530994,0.131481,-0.225685,0.806117,-0.150574,-0.672515,0.724583,-0.00551497,0.0728546,-0.473116,-0.0199946,0.877755,-0.0424305,-0.50958,0.0431471,0.858292,0,0,0,0,-0.240333,0.558709,0.72172,-0.330462,0.00300074,0.880755,0.0812616,0.466538,0.105505,0.505221,0.110745,0.849327,0,0,0,0,-0.306928,0.00102812,0.943925,-0.121652,0,0,0,0,0,0,0,0,0,0,0,0,0,0,0,0,
-0.272542,-0.0144516,0.956113,-0.106588,-0.28964,-0.0125383,0.951073,-0.10683,-0.303124,0.00889803,0.942796,-0.138464,0,0,0,0,0.268617,0.7383,-0.601754,-0.143704,0.113051,0.758909,-0.247463,-0.59164,0.0950769,0.981867,-0.072837,0.146944,0.13012,-0.643073,0.727766,-0.199704,-0.159876,0.636396,0.684711,-0.317192,-0.466656,0.881139,0.00574097,-0.0761107,0.494884,-0.179337,-0.177565,0.831504,0.525916,-0.153258,-0.14412,0.824108,-0.1261,-0.671475,0.729808,-0.0245226,0.0714671,-0.486765,-0.0136962,0.870497,-0.0450373,-0.511146,0.0430244,0.857234,0,0,0,0,-0.235531,0.558407,0.726181,-0.324604,0.000729346,0.872642,0.0790813,0.481914,0.107521,0.517817,0.108843,0.8417,0,0,0,0,-0.30511,7.47604e-005,0.944627,-0.12078,0,0,0,0,0,0,0,0,0,0,0,0,0,0,0,0,
-0.258964,-0.0156638,0.960156,-0.10389,-0.282174,-0.0131396,0.953593,-0.104239,-0.302083,0.00956312,0.943892,-0.133122,0,0,0,0,0.262636,0.73413,-0.610404,-0.139581,0.143962,0.708171,-0.314517,-0.615507,-0.0220721,0.958931,-0.093569,0.266851,0.182601,-0.265565,0.74953,-0.578219,-0.166838,0.631558,0.688236,-0.315643,-0.463808,0.878181,0.0308548,-0.11282,0.38895,-0.13766,-0.26684,0.870956,0.610373,-0.0486946,-0.151643,0.775937,-0.107242,-0.673987,0.729996,-0.0366787,0.069599,-0.498181,-0.00764197,0.864241,-0.0449265,-0.512789,0.0431131,0.856254,0,0,0,0,-0.232456,0.558326,0.730033,-0.318257,-0.000486076,0.865707,0.0779494,0.494443,0.108033,0.517937,0.107764,0.841699,0,0,0,0,-0.303881,0.00106212,0.945544,-0.116624,0,0,0,0,0,0,0,0,0,0,0,0,0,0,0,0,
-0.254988,-0.0177483,0.961356,-0.102275,-0.276764,-0.01542,0.955315,-0.102652,-0.295075,0.00741625,0.946164,-0.132852,0,0,0,0,0.256351,0.73474,-0.614243,-0.130948,0.145567,0.697686,-0.328675,-0.619691,-0.0169742,0.89946,-0.109744,0.422657,-0.651536,0.620352,-0.370691,0.230764,-0.163317,0.632339,0.6896,-0.312932,-0.461231,0.880801,0.101232,-0.0347482,0.480782,-0.0983331,-0.200341,0.847964,0.458754,-0.133098,-0.250542,0.842056,-0.106231,-0.681006,0.7237,-0.0347071,0.0716987,-0.500993,-0.00651056,0.862452,-0.0479316,-0.518316,0.0436352,0.852729,0,0,0,0,-0.230799,0.556633,0.73336,-0.314761,0.000640675,0.863613,0.0768565,0.498263,0.108268,0.51846,0.106473,0.841511,0,0,0,0,-0.296908,-0.00122099,0.947802,-0.116259,0,0,0,0,0,0,0,0,0,0,0,0,0,0,0,0,
-0.250521,-0.0199261,0.962634,-0.100883,-0.271826,-0.0176821,0.956837,-0.1013,-0.289501,0.00547844,0.947888,-0.132922,0,0,0,0,0.249885,0.736733,-0.616093,-0.123339,0.134726,0.681415,-0.337558,-0.635276,-0.0225759,0.866977,-0.138319,0.478236,-0.585627,0.644929,-0.373222,0.319081,-0.161761,0.631954,0.690599,-0.312316,-0.443376,0.876853,0.185178,0.0160169,0.456447,-0.330764,-0.152674,0.811752,0.572182,-0.268959,-0.0667617,0.771888,-0.102854,-0.683987,0.721345,-0.0352707,0.0749593,-0.504119,-0.00593207,0.860354,-0.0512194,-0.522609,0.0455612,0.849812,0,0,0,0,-0.228668,0.556558,0.735237,-0.312059,0.000383559,0.861283,0.0754262,0.502496,0.110509,0.517107,0.106432,0.842057,0,0,0,0,-0.291438,-0.00368869,0.949519,-0.116034,0,0,0,0,0,0,0,0,0,0,0,0,0,0,0,0,
-0.248791,-0.0197569,0.963152,-0.100251,-0.266765,-0.0178781,0.95833,-0.100603,-0.28117,0.00390388,0.950457,-0.13251,0,0,0,0,0.243612,0.736035,-0.621057,-0.114864,0.118818,0.671518,-0.346677,-0.644019,0.167981,-0.412438,-0.0677382,0.892798,0.313682,-0.338725,-0.49082,0.738895,-0.157342,0.631859,0.694185,-0.306766,-0.423701,0.874522,0.223205,0.0765995,0.441599,-0.239232,-0.219035,0.83653,0.545598,-0.181811,-0.149716,0.804272,-0.101167,-0.683699,0.72182,-0.0359974,0.0750112,-0.505625,-0.00583716,0.859466,-0.052052,-0.52886,0.0453411,0.845897,0,0,0,0,-0.228149,0.557133,0.735455,-0.310897,-0.00491011,0.860348,0.0788734,0.503543,0.113662,0.508709,0.105402,0.846868,0,0,0,0,-0.283063,-0.00482738,0.952141,-0.115233,0,0,0,0,0,0,0,0,0,0,0,0,0,0,0,0,
-0.245534,-0.0184243,0.964023,-0.100167,-0.264596,-0.0164351,0.958966,-0.100512,-0.280184,0.00494421,0.950777,-0.132273,0,0,0,0,0.246999,0.73195,-0.624221,-0.116571,0.110323,0.709166,-0.365053,-0.593,0.158366,-0.438184,-0.117705,0.876961,0.334089,-0.351774,-0.45931,0.744093,-0.153713,0.633503,0.695763,-0.301597,-0.417259,0.877035,0.233517,0.0466192,0.369143,-0.270766,-0.245529,0.854479,0.567364,-0.19389,-0.153793,0.7854,-0.0983086,-0.682117,0.723566,-0.0387826,0.0746843,-0.508765,-0.00657346,0.857635,-0.0555294,-0.529112,0.0452465,0.845524,0,0,0,0,-0.227576,0.557162,0.73626,-0.309357,-0.00810818,0.858655,0.079772,0.506243,0.115949,0.52601,0.102538,0.836274,0,0,0,0,-0.282081,-0.00386446,0.952497,-0.114735,0,0,0,0,0,0,0,0,0,0,0,0,0,0,0,0,
-0.240195,-0.0165694,0.965347,-0.100682,-0.259484,-0.0145493,0.960342,-0.100994,-0.275478,0.00560594,0.952129,-0.132408,0,0,0,0,0.247006,0.730491,-0.626158,-0.115311,0.0778393,0.718034,-0.369287,-0.584803,0.176794,-0.432233,-0.152505,0.871011,0.319481,-0.362156,-0.457156,0.746849,-0.147433,0.636517,0.697121,-0.295182,-0.414291,0.87812,0.234913,0.0456398,0.421387,-0.401285,-0.156512,0.798065,0.518379,-0.370059,-0.164465,0.753187,-0.0944585,-0.679877,0.725923,-0.0433784,0.0752808,-0.513777,-0.00836579,0.854574,-0.0544577,-0.532378,0.0441803,0.843597,0,0,0,0,-0.225206,0.5588,0.736557,-0.307423,-0.013668,0.855857,0.0802667,0.510763,0.107878,0.448496,0.112862,0.880043,0,0,0,0,-0.277364,-0.00315919,0.953902,-0.114585,0,0,0,0,0,0,0,0,0,0,0,0,0,0,0,0,
-0.232017,-0.0165853,0.967413,-0.100028,-0.249147,-0.0148078,0.963143,-0.100307,-0.263034,0.00420932,0.955619,-0.132621,0,0,0,0,0.236577,0.728654,-0.634796,-0.100646,0.0602022,0.719887,-0.377333,-0.579447,0.190427,-0.43935,-0.170822,0.861121,0.297943,-0.383414,-0.467826,0.738487,-0.140136,0.64091,0.696883,-0.289743,-0.391565,0.881596,0.26349,0.0061772,0.316292,-0.281015,-0.227326,0.877105,0.656167,-0.191389,-0.18906,0.705033,-0.0900607,-0.677887,0.728138,-0.0466151,0.0757669,-0.520741,-0.00891569,0.850299,-0.0565743,-0.542034,0.0431581,0.837339,0,0,0,0,-0.218915,0.561707,0.738457,-0.302063,-0.015852,0.85153,0.0777337,0.51827,0.115116,0.511872,0.104415,0.844886,0,0,0,0,-0.264867,-0.00404739,0.957482,-0.114264,0,0,0,0,0,0,0,0,0,0,0,0,0,0,0,0,
-0.21706,-0.0107481,0.971361,-0.0960554,-0.216193,-0.0108338,0.971555,-0.0960458,-0.210529,0.0306971,0.969995,-0.117664,0,0,0,0,0.21098,0.7159,-0.660367,-0.083004,0.0281907,0.725189,-0.378327,-0.574608,0.213832,-0.465583,-0.199871,0.8352,0.279234,-0.435439,-0.433287,0.738027,-0.102989,0.640538,0.726934,-0.225105,-0.397877,0.868575,0.270799,0.118066,-0.228835,0.818062,-0.403147,0.340414,-0.201267,0.805507,-0.463513,0.309524,-0.0726872,-0.667022,0.739208,-0.0580526,0.0672112,-0.535078,-0.0085827,0.842081,-0.0568127,-0.576002,0.0409001,0.814445,0,0,0,0,-0.217035,0.569447,0.735856,-0.295197,-0.0192272,0.843378,0.078046,0.531275,0.114159,0.520445,0.103018,0.839936,0,0,0,0,-0.212878,0.013008,0.971671,-0.101834,0,0,0,0,0,0,0,0,0,0,0,0,0,0,0,0,
-0.202341,-0.00748072,0.974842,-0.0931973,-0.204888,-0.00723718,0.97431,-0.0932165,-0.203499,0.0271807,0.971431,-0.119045,0,0,0,0,0.198496,0.711748,-0.670154,-0.070053,0.00576873,0.753639,-0.377238,-0.538225,0.198237,-0.468732,-0.18172,0.84141,0.290737,-0.414895,-0.476901,0.718261,-0.106189,0.636118,0.730304,-0.225243,-0.378427,0.872963,0.278868,0.130233,-0.233197,0.783827,-0.360872,0.448336,-0.173445,0.757887,-0.49092,0.393093,-0.0564358,-0.661916,0.744256,-0.0690283,0.0610744,-0.548304,-0.00733227,0.834014,-0.0590208,-0.581813,0.0407144,0.810156,0,0,0,0,-0.213573,0.575243,0.7349,-0.288797,-0.0229726,0.835158,0.0780796,0.543955,0.118287,0.55109,0.0981607,0.820166,0,0,0,0,-0.20517,0.0152464,0.97348,-0.100052,0,0,0,0,0,0,0,0,0,0,0,0,0,0,0,0,
-0.177936,-0.00616767,0.979947,-0.0894647,-0.185264,-0.00549798,0.978588,-0.0895083,-0.189231,0.0248835,0.974602,-0.117147,0,0,0,0,0.186243,0.708591,-0.678131,-0.0578811,-0.0388813,0.75964,-0.371561,-0.532332,0.223918,-0.484585,-0.21124,0.818789,0.268906,-0.462546,-0.438372,0.722198,-0.0968576,0.641146,0.730189,-0.215345,-0.368991,0.883278,0.276843,0.0838111,-0.228455,0.831655,-0.330297,0.383486,-0.295654,0.719428,-0.546861,0.309766,-0.0275563,-0.656056,0.74898,-0.0886629,0.0526749,-0.569046,-0.00304842,0.820611,-0.0600989,-0.592239,0.0391569,0.802563,0,0,0,0,-0.206741,0.582322,0.734844,-0.27958,-0.0253134,0.821195,0.0782344,0.564692,0.122194,0.589577,0.0913597,0.793171,0,0,0,0,-0.190605,0.0149514,0.976683,-0.0976539,0,0,0,0,0,0,0,0,0,0,0,0,0,0,0,0,
-0.165145,-0.00492272,0.982399,-0.0871532,-0.169736,-0.00451523,0.981616,-0.0871752,-0.171379,0.0223117,0.978129,-0.11574,0,0,0,0,0.173542,0.706907,-0.684171,-0.0455475,-0.05577,0.768893,-0.370192,-0.518315,0.235231,-0.529891,-0.208145,0.787754,0.294358,-0.490855,-0.468732,0.672834,-0.0828298,0.646462,0.731266,-0.201187,-0.367052,0.884822,0.273072,0.088284,-0.229742,0.833724,-0.33265,0.37612,-0.394364,0.714343,-0.476697,0.327034,-0.0160474,-0.654131,0.750122,-0.0957689,0.0489009,-0.57981,-0.0013046,0.813282,-0.0617657,-0.60447,0.0385218,0.793295,0,0,0,0,-0.201369,0.587079,0.73507,-0.272876,-0.0272077,0.813687,0.0769437,0.575546,0.119281,0.593461,0.0889224,0.790992,0,0,0,0,-0.172498,0.0141657,0.980257,-0.0956069,0,0,0,0,0,0,0,0,0,0,0,0,0,0,0,0,
-0.151097,-0.00436886,0.984805,-0.0854954,-0.151811,-0.00430692,0.984695,-0.0854986,-0.149849,0.0193638,0.981714,-0.115793,0,0,0,0,0.157556,0.703895,-0.692086,-0.0269293,-0.0943321,0.776622,-0.365072,-0.504661,0.262989,-0.575464,-0.20797,0.74594,-0.310019,0.564363,0.439006,-0.626623,-0.0665878,0.652726,0.730827,-0.188168,-0.329705,0.852126,0.358177,0.192054,-0.233649,0.812325,-0.368497,0.386971,-0.309878,0.755232,-0.44562,0.367455,-0.00327584,-0.651884,0.751082,-0.104461,0.0443513,-0.591432,0.000535179,0.805134,-0.0637974,-0.618991,0.0386263,0.781849,0,0,0,0,-0.195122,0.591775,0.735319,-0.266526,-0.0279009,0.805329,0.0760431,0.587268,0.117916,0.594731,0.0875891,0.790392,0,0,0,0,-0.150818,0.0123352,0.983882,-0.0952746,0,0,0,0,0,0,0,0,0,0,0,0,0,0,0,0,
-0.135469,-0.00403321,0.987176,-0.0843539,-0.134917,-0.00408037,0.987251,-0.0843517,-0.131987,0.0165553,0.984293,-0.116068,0,0,0,0,0.146391,0.701039,-0.697797,-0.0138946,-0.110963,0.774534,-0.361015,-0.507397,0.274409,-0.576774,-0.240319,0.730944,-0.331852,0.556553,0.450663,-0.614024,-0.0517503,0.654519,0.733705,-0.174938,-0.27603,0.803441,0.382648,0.363139,-0.315425,0.753378,-0.405043,0.410937,-0.280985,0.770644,-0.40808,0.400783,0.00467435,-0.650537,0.751456,-0.109972,0.0422118,-0.604046,0.00227803,0.795827,-0.0646689,-0.630681,0.0377359,0.772422,0,0,0,0,-0.182474,0.59643,0.738801,-0.25524,-0.0313516,0.795776,0.0719396,0.600485,0.114986,0.572082,0.0899784,0.807096,0,0,0,0,-0.13282,0.0106145,0.986506,-0.0951397,0,0,0,0,0,0,0,0,0,0,0,0,0,0,0,0,
-0.119509,-0.00329713,0.989444,-0.0818917,-0.116184,-0.00357228,0.989841,-0.0818801,-0.110894,0.0131563,0.987159,-0.114226,0,0,0,0,-0.123739,-0.697505,0.705774,-0.00763616,-0.148093,0.785453,-0.357411,-0.483104,0.267276,-0.547941,-0.27936,0.741811,-0.300247,0.544092,0.45819,-0.635513,-0.0424422,0.656181,0.734829,-0.166284,-0.271546,0.801179,0.379961,0.374172,-0.315855,0.738306,-0.397384,0.444101,-0.271436,0.754743,-0.422352,0.422261,0.0155036,-0.648386,0.752229,-0.116214,0.0408331,-0.616742,0.00509847,0.786089,-0.0662588,-0.644466,0.0368605,0.760864,0,0,0,0,-0.170017,0.601803,0.741682,-0.242562,-0.0334734,0.785856,0.0672823,0.613827,0.115032,0.577864,0.0881626,0.803161,0,0,0,0,-0.111585,0.00822506,0.989326,-0.0933549,0,0,0,0,0,0,0,0,0,0,0,0,0,0,0,0,
-0.110104,-0.00335219,0.990598,-0.0811299,-0.102805,-0.00394962,0.991382,-0.081103,-0.0937198,0.0104322,0.98893,-0.114568,0,0,0,0,-0.116854,-0.69438,0.709877,-0.0160185,-0.182942,0.805827,-0.339182,-0.449589,0.268417,-0.570196,-0.282565,0.723178,-0.310144,0.550193,0.501929,-0.590902,-0.0243905,0.657629,0.737925,-0.149655,-0.258916,0.793353,0.390811,0.388355,-0.320917,0.734247,-0.39203,0.451892,-0.269189,0.744648,-0.448204,0.414909,0.0206339,-0.64734,0.752481,-0.119575,0.0397848,-0.624118,0.00660695,0.780289,-0.0668601,-0.655214,0.0362369,0.751605,0,0,0,0,-0.16177,0.604788,0.743415,-0.235362,-0.0334346,0.779976,0.0646889,0.621559,0.11606,0.61232,0.0834392,0.777581,0,0,0,0,-0.0943661,0.00592875,0.991116,-0.0935307,0,0,0,0,0,0,0,0,0,0,0,0,0,0,0,0,
-0.0992639,-0.00172114,0.992005,-0.0779062,-0.0879313,-0.00261051,0.993074,-0.0778815,-0.0751568,0.00961409,0.9911,-0.109452,0,0,0,0,-0.0933978,-0.691625,0.715379,-0.0341344,-0.212535,0.799164,-0.331314,-0.454309,0.287386,-0.575336,-0.319287,0.696027,-0.286777,0.575935,0.4762,-0.599409,-0.0202163,0.656463,0.740671,-0.141614,-0.282579,0.816977,0.382896,0.32571,-0.280614,0.747406,-0.385874,0.462322,-0.281886,0.728998,-0.450164,0.431804,0.0292535,-0.646477,0.752316,-0.123423,0.0382462,-0.632711,0.00878579,0.773393,-0.0673078,-0.666832,0.0351274,0.74133,0,0,0,0,-0.155827,0.608217,0.7447,-0.2263,-0.0342532,0.773054,0.061553,0.630417,0.116595,0.623239,0.0821832,0.768911,0,0,0,0,-0.0756304,0.00590972,0.993126,-0.0891364,0,0,0,0,0,0,0,0,0,0,0,0,0,0,0,0,
-0.0885469,-0.000202862,0.993197,-0.0756198,-0.0740255,-0.00130775,0.994385,-0.0756087,-0.0582035,0.0107175,0.992602,-0.106011,0,0,0,0,-0.0728748,-0.691229,0.717197,-0.0501963,-0.226414,0.797755,-0.327121,-0.453117,0.301167,-0.592326,-0.327224,0.671843,-0.314766,0.576337,0.503099,-0.561827,-0.015367,0.657655,0.74105,-0.134533,-0.279071,0.824629,0.38575,0.305457,-0.246527,0.716896,-0.374117,0.534155,-0.24387,0.656924,-0.532327,0.47498,0.0401458,-0.644237,0.752618,-0.130052,0.0358084,-0.641159,0.0109958,0.766493,-0.0649114,-0.677292,0.0335415,0.732077,0,0,0,0,-0.152771,0.610854,0.744871,-0.220649,-0.0358265,0.766087,0.0610873,0.638824,0.113696,0.62259,0.0805337,0.770045,0,0,0,0,-0.0585532,0.00734683,0.994551,-0.0859465,0,0,0,0,0,0,0,0,0,0,0,0,0,0,0,0,
-0.0764805,0.000529206,0.994331,-0.0738664,-0.062849,-0.000482963,0.995286,-0.0738667,-0.0480845,0.0105093,0.993263,-0.104912,0,0,0,0,-0.0645884,-0.690758,0.717977,-0.0564909,-0.260973,0.80918,-0.310887,-0.424817,0.304053,-0.604732,-0.340231,0.652759,-0.323705,0.579585,0.510239,-0.546766,-0.00868137,0.657928,0.742277,-0.126809,-0.259766,0.837303,0.39579,0.273488,-0.243056,0.76759,-0.330476,0.492458,0.25181,-0.54568,0.633143,-0.487806,0.0508804,-0.641265,0.753307,-0.136817,0.0335802,-0.650472,0.0127212,0.758681,-0.0643711,-0.683418,0.033415,0.726416,0,0,0,0,-0.147426,0.613833,0.745386,-0.214183,-0.036414,0.758207,0.0589973,0.648318,0.112934,0.622675,0.0803164,0.770111,0,0,0,0,-0.0483435,0.00766087,0.995215,-0.0845641,0,0,0,0,0,0,0,0,0,0,0,0,0,0,0,0,
-0.0610598,0.00162059,0.995544,-0.0718466,-0.042435,0.000276959,0.996511,-0.0718644,-0.0229135,0.00895062,0.994283,-0.103902,0,0,0,0,-0.0413447,-0.689099,0.719264,-0.0780576,-0.272308,0.815093,-0.30367,-0.411407,-0.342444,0.684603,0.302194,-0.568093,-0.341597,0.607773,0.544757,-0.466008,0.00566816,0.66,0.742607,-0.113594,-0.258127,0.822192,0.400753,0.311075,-0.385052,0.888995,-0.211066,0.1299,-0.549192,0.776951,-0.290815,0.100805,0.0641176,-0.638854,0.752685,-0.145672,0.0309117,-0.662218,0.0164538,0.748492,-0.066735,-0.698373,0.032894,0.711856,0,0,0,0,-0.139931,0.617031,0.746679,-0.205336,-0.0377837,0.74794,0.0558419,0.660333,0.110561,0.603045,0.082703,0.785667,0,0,0,0,-0.0230419,0.00688433,0.996233,-0.0833136,0,0,0,0,0,0,0,0,0,0,0,0,0,0,0,0,
-0.0530431,0.00303414,0.99614,-0.0698726,-0.0321225,0.00156685,0.997034,-0.0699208,-0.0104137,0.00970987,0.994715,-0.101681,0,0,0,0,-0.0257584,-0.686556,0.720911,-0.0909139,-0.305702,0.810337,-0.275036,-0.417439,-0.355465,0.673859,0.368255,-0.532866,-0.351303,0.646045,0.491179,-0.466856,0.00884773,0.662291,0.741223,-0.108999,-0.249057,0.822536,0.405247,0.311738,-0.242136,0.719815,-0.346736,0.550464,0.248518,-0.579191,0.604562,-0.487115,0.0698644,-0.637922,0.752384,-0.148635,0.0294257,-0.668317,0.017665,0.743084,-0.0656298,-0.70573,0.0326378,0.704679,0,0,0,0,-0.136041,0.619111,0.747303,-0.199329,-0.0392575,0.74247,0.0547872,0.66648,0.103818,0.542505,0.0900058,0.828739,0,0,0,0,-0.0104613,0.00789229,0.996616,-0.0811433,0,0,0,0,0,0,0,0,0,0,0,0,0,0,0,0,
-0.0408546,0.00391086,0.99684,-0.0680081,-0.0224288,0.00265359,0.997425,-0.0680687,-0.00333842,0.0100815,0.994924,-0.100068,0,0,0,0,-0.0102048,-0.683822,0.722009,-0.10481,-0.324868,0.82738,-0.255444,-0.38033,-0.368205,0.712533,0.318215,-0.505432,-0.34215,0.639864,0.563069,-0.395551,0.00411713,0.662848,0.740158,-0.113058,-0.211355,0.773288,0.433921,0.411178,-0.254317,0.591389,-0.365382,0.672368,-0.356599,0.529719,-0.446004,0.627149,0.0778857,-0.636113,0.752186,-0.15333,0.0273155,-0.67741,0.0197084,0.734834,0.0654928,0.709777,-0.0332644,-0.700586,0,0,0,0,-0.128388,0.621791,0.748704,-0.190617,-0.0399568,0.734173,0.052585,0.675743,0.104052,0.55812,0.0866318,0.818639,0,0,0,0,-0.00331874,0.00858607,0.9968,-0.0793989,0,0,0,0,0,0,0,0,0,0,0,0,0,0,0,0,
-0.0265849,0.00430004,0.997437,-0.0662838,0.00186415,0.00240846,0.99779,-0.0663795,0.0307695,0.00674674,0.994517,-0.0997228,0,0,0,0,0.00864373,-0.680992,0.72207,-0.121612,-0.330345,0.816529,-0.255758,-0.398422,-0.365558,0.690764,0.378802,-0.495703,-0.348273,0.650309,0.535956,-0.410556,0.0357649,0.660082,0.745722,-0.0831363,-0.202742,0.807885,0.422926,0.356863,-0.222192,0.533401,-0.288927,0.763305,0.315909,-0.431186,0.634145,-0.558696,0.0886333,-0.633524,0.75176,-0.160152,0.0254051,-0.687862,0.0228947,0.725036,0.0656626,0.728679,-0.0318057,-0.680958,0,0,0,0,-0.119771,0.624723,0.749952,-0.181515,-0.0417072,0.724276,0.0491341,0.686492,0.104061,0.562061,0.085279,0.81608,0,0,0,0,0.0309093,0.0061406,0.996393,-0.0787945,0,0,0,0,0,0,0,0,0,0,0,0,0,0,0,0,
-0.013783,0.00393904,0.997863,-0.0637498,0.0166408,0.00199395,0.997819,-0.0638402,0.0474315,0.00514316,0.994097,-0.0974425,0,0,0,0,0.0217715,-0.679921,0.721088,-0.131401,-0.359211,0.831299,-0.233355,-0.354197,-0.374793,0.722996,0.357953,-0.45681,-0.376086,0.662117,0.539322,-0.359573,0.0475412,0.657184,0.748919,-0.0704938,-0.201797,0.787903,0.417104,0.4056,-0.24518,0.528918,-0.315106,0.748893,0.336933,-0.455493,0.539449,-0.622894,0.0999062,-0.63209,0.750206,-0.166349,0.0234401,-0.697085,0.0270559,0.716094,0.068563,0.737678,-0.0317729,-0.67091,0,0,0,0,-0.11367,0.628341,0.749641,-0.174083,-0.0408889,0.715457,0.0468941,0.69588,0.103269,0.56036,0.0851142,0.817366,0,0,0,0,0.0476164,0.00490663,0.995898,-0.0767899,0,0,0,0,0,0,0,0,0,0,0,0,0,0,0,0,
-0.00349422,0.00425616,0.998097,-0.0614205,0.0304332,0.00216601,0.997639,-0.0615297,0.0646529,0.00399851,0.993371,-0.0949598,0,0,0,0,0.0390628,-0.678378,0.719116,-0.145428,-0.364454,0.830645,-0.232237,-0.351095,-0.377052,0.72601,0.366406,-0.443271,-0.357661,0.660108,0.568254,-0.336784,0.0559767,0.657581,0.748829,-0.060892,-0.177425,0.784452,0.422,0.418415,-0.238229,0.484538,-0.290809,0.789873,0.320666,-0.405854,0.597925,-0.612324,0.109736,-0.630672,0.748782,-0.171863,0.0221651,-0.704437,0.0305094,0.708764,0.0681052,0.746795,-0.0305241,-0.660853,0,0,0,0,-0.109959,0.63134,0.748959,-0.168463,-0.040378,0.708258,0.0454091,0.703334,0.104696,0.556029,0.0862883,0.820015,0,0,0,0,0.0648971,0.00419828,0.995092,-0.0745784,0,0,0,0,0,0,0,0,0,0,0,0,0,0,0,0,
0.00896146,0.00483643,0.998158,-0.0598148,0.041474,0.00288525,0.997336,-0.0599406,0.0741329,0.00339356,0.992799,-0.0940408,0,0,0,0,0.0499174,-0.677238,0.717561,-0.1548,-0.376576,0.82922,-0.211684,-0.354649,-0.376809,0.717273,0.410469,-0.418389,-0.353566,0.673049,0.559162,-0.330657,0.0591098,0.66072,0.746152,-0.0566781,-0.156595,0.756409,0.438078,0.459795,-0.259552,0.490834,-0.297048,0.776838,-0.359202,0.428152,-0.489547,0.669331,0.1183,-0.628545,0.748025,-0.177188,-0.0224827,0.713204,-0.0330851,-0.699814,0.0692578,0.751952,-0.0307337,-0.654849,0,0,0,0,-0.101686,0.634277,0.749566,-0.159701,-0.0408032,0.699358,0.0416952,0.712387,0.103235,0.560159,0.0850035,0.81752,0,0,0,0,0.0744292,0.00397075,0.99451,-0.0734499,0,0,0,0,0,0,0,0,0,0,0,0,0,0,0,0,
0.0179927,0.00609275,0.998113,-0.0583906,0.0535341,0.00400901,0.996839,-0.0585706,0.0891541,0.00385715,0.99166,-0.0929889,0,0,0,0,0.0644667,-0.674167,0.716388,-0.167723,-0.390368,0.833373,-0.187908,-0.34321,-0.371078,0.71629,0.448794,-0.384465,-0.344452,0.687878,0.556303,-0.314172,0.066238,0.668215,0.739494,-0.0474276,-0.138858,0.747234,0.449453,0.469416,-0.256151,0.464292,-0.28557,0.798292,-0.348156,0.405349,-0.506487,0.67672,0.122822,-0.627346,0.747684,-0.17978,-0.0229261,0.719514,-0.0341218,-0.69326,0.0707949,0.760364,-0.0298616,-0.644937,0,0,0,0,-0.0949756,0.636297,0.750327,-0.152036,-0.0424873,0.692709,0.0392571,0.718893,0.101713,0.582092,0.0822842,0.802529,0,0,0,0,0.0895182,0.00467189,0.993348,-0.0722798,0,0,0,0,0,0,0,0,0,0,0,0,0,0,0,0,
0.0316597,0.00615335,0.997828,-0.0574459,0.0629191,0.00434979,0.996345,-0.0576105,0.0941154,0.0035465,0.991219,-0.0928144,0,0,0,0,0.0685746,-0.675178,0.714209,-0.171282,-0.405111,0.845403,-0.17243,-0.302402,-0.356428,0.731117,0.447157,-0.372127,-0.327738,0.684187,0.584047,-0.288731,0.069258,0.668873,0.738832,-0.0440436,-0.100334,0.678794,0.441205,0.578369,-0.31432,0.40724,-0.281483,0.810016,-0.319915,0.419987,-0.457879,0.715271,0.129873,-0.625386,0.746995,-0.184454,-0.0220715,0.728941,-0.0358581,-0.68328,0.076904,0.763057,-0.0315401,-0.640964,0,0,0,0,-0.084251,0.637438,0.752638,-0.141812,-0.0447661,0.68263,0.0356431,0.728521,0.0999205,0.574661,0.0826522,0.808053,0,0,0,0,0.0945126,0.0045933,0.992913,-0.0718965,0,0,0,0,0,0,0,0,0,0,0,0,0,0,0,0,
0.0440811,0.00711813,0.997413,-0.0563404,0.0806997,0.00504318,0.995119,-0.0565639,0.117268,0.00404945,0.988847,-0.0917233,0,0,0,0,0.0879158,-0.667202,0.715231,-0.188567,-0.418169,0.85514,-0.155589,-0.263936,-0.370727,0.762262,0.412271,-0.333993,-0.334665,0.685984,0.605519,-0.225325,0.0835582,0.675285,0.732286,-0.0276593,-0.094138,0.703903,0.451125,0.540505,-0.276903,0.388587,-0.266832,0.837332,-0.325371,0.373142,-0.479545,0.724524,0.138441,-0.621333,0.747455,-0.189975,-0.0211734,0.737416,-0.0375343,-0.674063,0.0791519,0.775213,-0.030578,-0.625976,0,0,0,0,-0.0768801,0.639823,0.752812,-0.134123,-0.0460817,0.673361,0.0338603,0.737099,0.10058,0.57941,0.0814375,0.804696,0,0,0,0,0.117737,0.00524625,0.9905,-0.0708507,0,0,0,0,0,0,0,0,0,0,0,0,0,0,0,0,
0.0592518,0.00777916,0.996638,-0.0560501,0.0886242,0.00612244,0.994456,-0.0562552,0.117777,0.00534515,0.988729,-0.0922813,0,0,0,0,0.0881121,-0.669604,0.712653,-0.189718,-0.429731,0.861402,-0.125619,-0.239871,-0.335414,0.750301,0.471645,-0.319526,-0.334917,0.688567,0.592384,-0.250574,0.0835641,0.676754,0.730919,-0.0278903,-0.070963,0.70446,0.462445,0.533709,-0.271755,0.42022,-0.24361,0.830794,-0.368774,0.377572,-0.459066,0.714635,0.144294,-0.619519,0.746615,-0.194785,-0.0206366,0.747602,-0.0381085,-0.662732,0.0770683,0.775652,-0.0305935,-0.62569,0,0,0,0,-0.0635326,0.641799,0.754355,-0.122501,-0.0501435,0.661722,0.0296384,0.747484,0.0992724,0.579875,0.0814969,0.804517,0,0,0,0,0.118278,0.00651606,0.990404,-0.0711932,0,0,0,0,0,0,0,0,0,0,0,0,0,0,0,0,
0.0699293,0.00850674,0.995977,-0.0553797,0.103527,0.00663154,0.993047,-0.0556354,0.136761,0.00489215,0.986316,-0.0919378,0,0,0,0,0.0911068,-0.67203,0.7098,-0.190418,-0.446319,0.868386,-0.084654,-0.198844,-0.331865,0.757264,0.460178,-0.323502,-0.31083,0.671124,0.633608,-0.226978,0.107622,0.681397,0.723957,-0.00154716,-0.0543592,0.706439,0.462646,0.532868,-0.251031,0.347079,-0.223831,0.875453,-0.32168,0.312249,-0.550661,0.704127,0.152944,-0.615028,0.747072,-0.20058,-0.0213003,0.754645,-0.0394515,-0.6546,0.0795156,0.78597,-0.0288701,-0.61245,0,0,0,0,-0.0584809,0.644172,0.753555,-0.117376,-0.0512844,0.653547,0.0292084,0.754582,0.0978478,0.568566,0.0819517,0.812676,0,0,0,0,0.137336,0.00644934,0.987968,-0.0708226,0,0,0,0,0,0,0,0,0,0,0,0,0,0,0,0,
0.0810674,0.00908927,0.99518,-0.0544317,0.112692,0.00735269,0.992096,-0.0546934,0.143825,0.00509907,0.985385,-0.0911329,0,0,0,0,0.0942589,-0.674318,0.706631,-0.19257,-0.458282,0.869781,-0.0605895,-0.172591,-0.371429,0.787406,0.441018,-0.218028,-0.377491,0.694221,0.598674,-0.130947,0.113927,0.68462,0.719908,0.00694067,-0.0476721,0.643173,0.436248,0.62749,-0.330449,0.391154,-0.209967,0.832896,-0.34861,0.408249,-0.50705,0.674317,0.161872,-0.610624,0.747272,-0.206205,-0.0202988,0.761933,-0.0411804,-0.646027,-0.0713441,-0.523886,0.053722,0.847093,0,0,0,0,-0.0525596,0.646883,0.752594,-0.11127,-0.0498877,0.645153,0.029924,0.761836,0.0960458,0.566208,0.0797656,0.814753,0,0,0,0,0.144444,0.0069168,0.987008,-0.0700206,0,0,0,0,0,0,0,0,0,0,0,0,0,0,0,0,
0.0930892,0.0101114,0.994141,-0.0540064,0.124041,0.00842263,0.990755,-0.0542954,0.154336,0.00523762,0.983767,-0.0914103,0,0,0,0,0.0982295,-0.67659,0.702691,-0.196981,-0.469323,0.868478,-0.033386,-0.1561,-0.313707,0.757508,0.516833,-0.246277,-0.324336,0.695424,0.609735,-0.19853,0.124357,0.686806,0.7159,0.0178754,-0.043621,0.639745,0.429388,0.635964,-0.319256,0.332035,-0.206616,0.863214,-0.315526,0.373538,-0.528144,0.694246,0.168257,-0.60889,0.7458,-0.211482,-0.0201292,0.769688,-0.0424361,-0.63669,-0.0654175,-0.435498,0.061135,0.895726,0,0,0,0,-0.0436992,0.649699,0.751884,-0.10321,-0.0527582,0.635604,0.0267754,0.769745,0.0960794,0.574286,0.0782027,0.809227,0,0,0,0,0.155021,0.00738448,0.985386,-0.0701966,0,0,0,0,0,0,0,0,0,0,0,0,0,0,0,0,
0.103598,0.010946,0.993121,-0.0534595,0.13731,0.00912171,0.989024,-0.0538008,0.170331,0.00505686,0.98116,-0.0910371,0,0,0,0,0.116592,-0.667709,0.703295,-0.214354,-0.467305,0.870014,-0.0313837,-0.154,-0.290583,0.748093,0.526762,-0.280071,-0.261441,0.683289,0.65005,-0.205428,0.128875,0.691731,0.710133,0.0246989,-0.0233924,0.624635,0.435853,0.647546,-0.324653,0.344234,-0.192604,0.859655,-0.338148,0.371698,-0.521074,0.689911,0.177603,-0.603235,0.746472,-0.217588,-0.0190139,0.776386,-0.0443727,-0.628406,-0.0662092,-0.446312,0.0615253,0.890301,0,0,0,0,-0.0388861,0.653148,0.749793,-0.0984696,-0.0532529,0.627341,0.0253511,0.776508,0.096758,0.588586,0.0760743,0.79901,0,0,0,0,0.17108,0.00755327,0.982747,-0.0698759,0,0,0,0,0,0,0,0,0,0,0,0,0,0,0,0,
0.113747,0.0120536,0.992054,-0.0523894,0.145813,0.0103508,0.98785,-0.0527523,0.177111,0.00608087,0.980056,-0.0899172,0,0,0,0,0.124678,-0.665185,0.702108,-0.221424,-0.471399,0.871022,0.0139533,-0.13751,-0.28166,0.738296,0.526496,-0.313668,-0.201558,0.664244,0.688531,-0.20995,0.129925,0.694454,0.707148,0.0281817,-0.00739126,0.601428,0.436882,0.668853,-0.335557,0.334973,-0.190253,0.85965,-0.358061,0.364156,-0.489205,0.707008,0.186356,-0.599191,0.745916,-0.223274,-0.018098,0.782758,-0.0469195,-0.620292,0.0833774,0.805973,-0.0262239,-0.585464,0,0,0,0,-0.0344977,0.657444,0.746895,-0.0934102,-0.0535472,0.619274,0.0235124,0.782994,0.0877234,0.491766,0.0877208,0.861845,0,0,0,0,0.177894,0.00866382,0.981599,-0.0688685,0,0,0,0,0,0,0,0,0,0,0,0,0,0,0,0,
0.120082,0.0134454,0.991341,-0.0514077,0.163577,0.0111709,0.985098,-0.0519494,0.206715,0.00643396,0.974374,-0.0884508,0,0,0,0,0.166726,-0.632266,0.710269,-0.260693,-0.460855,0.875174,-0.000721622,-0.147246,-0.339305,0.772572,0.50071,-0.193116,-0.278906,0.687875,0.663908,-0.0909114,0.131371,0.697662,0.70347,0.0337583,0.00987181,0.590636,0.440468,0.676047,-0.35447,0.426374,-0.15428,0.817773,-0.440611,0.416447,-0.409911,0.681474,0.191724,-0.595961,0.746193,-0.226426,-0.0184465,0.786686,-0.0477945,-0.615224,0.0849592,0.818962,-0.0240269,-0.567015,0,0,0,0,-0.0320838,0.660069,0.745123,-0.0898428,-0.0542661,0.614092,0.0236639,0.787011,0.0895645,0.518744,0.0838055,0.846085,0,0,0,0,0.207564,0.00922517,0.975829,-0.0677444,0,0,0,0,0,0,0,0,0,0,0,0,0,0,0,0,
0.127015,0.0152314,0.990503,-0.0503934,0.166721,0.0131938,0.984598,-0.0509648,0.205839,0.00854584,0.974624,-0.0875475,0,0,0,0,0.162567,-0.640163,0.705692,-0.256441,-0.46612,0.874281,0.0296214,-0.132238,-0.297007,0.753164,0.529837,-0.252595,-0.19093,0.668147,0.705834,-0.137565,0.135623,0.700584,0.699715,0.0344495,0.0242723,0.582836,0.442171,0.681321,-0.33284,0.335024,-0.165445,0.865797,-0.396665,0.338182,-0.520909,0.675976,0.196361,-0.594608,0.744996,-0.229923,-0.0192958,0.790939,-0.049009,-0.609624,0.0869788,0.819312,-0.0244847,-0.566183,0,0,0,0,-0.0288221,0.663371,0.742838,-0.08544,-0.0542266,0.608432,0.0223971,0.791435,0.0918409,0.552088,0.0798357,0.824858,0,0,0,0,0.206734,0.0114504,0.976046,-0.0668207,0,0,0,0,0,0,0,0,0,0,0,0,0,0,0,0,
0.138002,0.0174882,0.989039,-0.0495105,0.181485,0.0152877,0.981991,-0.0502335,0.224419,0.0107485,0.970555,-0.0868567,0,0,0,0,0.177613,-0.630078,0.706276,-0.269498,-0.46448,0.875275,0.046151,-0.126577,-0.293069,0.747715,0.569754,-0.174394,-0.252649,0.703657,0.654793,-0.110827,0.146954,0.705573,0.691488,0.0491474,0.0344083,0.577249,0.441992,0.685743,-0.321021,0.2837,-0.167724,0.887879,-0.39424,0.27052,-0.597323,0.643894,0.204197,-0.589872,0.744947,-0.235389,-0.019026,0.797622,-0.0509429,-0.600701,0.083427,0.82831,-0.0222036,-0.553579,0,0,0,0,-0.0229364,0.66557,0.741833,-0.0785803,-0.0558515,0.599277,0.0207673,0.798321,0.0931716,0.556053,0.0793508,0.822087,0,0,0,0,0.225402,0.0138211,0.971917,-0.0661764,0,0,0,0,0,0,0,0,0,0,0,0,0,0,0,0,
0.145907,0.0191154,0.987875,-0.0494867,0.188576,0.0169531,0.980625,-0.0502685,0.230553,0.0121518,0.969042,-0.0874928,0,0,0,0,0.180726,-0.628413,0.705616,-0.273023,-0.467989,0.874187,0.0888042,-0.0943302,-0.327683,0.758103,0.555774,-0.0949655,-0.302392,0.695009,0.651413,-0.034389,0.15193,0.708777,0.686647,0.0553925,0.047814,0.560861,0.448177,0.694468,-0.349741,0.406816,-0.123835,0.834774,-0.472103,0.361548,-0.517385,0.615398,0.208764,-0.586401,0.74525,-0.23907,-0.018797,0.80239,-0.0515816,-0.594269,0.0891003,0.831514,-0.0226703,-0.547842,0,0,0,0,-0.0175816,0.668552,0.739803,-0.0736214,-0.0568885,0.592636,0.0199563,0.803211,0.0915996,0.556272,0.0783211,0.822214,0,0,0,0,0.231605,0.0153997,0.970403,-0.0666271,0,0,0,0,0,0,0,0,0,0,0,0,0,0,0,0,
0.148239,0.0210111,0.987517,-0.0489219,0.191799,0.0188254,0.979989,-0.0498039,0.234619,0.0140191,0.968074,-0.0871188,0,0,0,0,0.183403,-0.628405,0.703751,-0.276052,-0.467574,0.873966,0.10033,-0.0865528,-0.36785,0.756632,0.540332,-0.0153515,-0.35001,0.699012,0.622596,0.0353562,0.154009,0.711441,0.683104,0.0591859,0.0428051,0.541284,0.448465,0.709971,-0.393569,0.51539,-0.0913104,0.755738,-0.0632524,0.632498,0.00951586,0.771916,0.209991,-0.58551,0.745234,-0.240225,-0.0192079,0.803778,-0.0515528,-0.59238,0.0874481,0.833616,-0.0230592,-0.54489,0,0,0,0,-0.0167154,0.669912,0.73879,-0.0716129,-0.0557808,0.59067,0.0208011,0.804714,0.0897299,0.564603,0.075924,0.81695,0,0,0,0,0.235728,0.0174445,0.969398,-0.066292,0,0,0,0,0,0,0,0,0,0,0,0,0,0,0,0,
0.148542,0.0224245,0.987444,-0.0488497,0.193831,0.0201525,0.979561,-0.04983,0.238316,0.014609,0.96714,-0.087367,0,0,0,0,0.184536,-0.628063,0.703287,-0.277255,-0.466357,0.874127,0.112623,-0.075691,-0.360553,0.756019,0.546178,-0.0112161,-0.319296,0.695249,0.641466,0.0565769,0.158175,0.711552,0.681678,0.0631623,0.0914807,0.592004,0.439993,0.669005,-0.261324,0.335666,-0.0333088,0.904394,0.83589,-0.498023,0.103077,-0.206484,0.209812,-0.585253,0.745337,-0.240688,-0.0197602,0.803959,-0.0512342,-0.592144,0.0870455,0.835425,-0.0223678,-0.542206,0,0,0,0,-0.0168646,0.670824,0.737994,-0.0712456,-0.0553085,0.590343,0.0228003,0.804932,0.0879485,0.572103,0.0730081,0.812178,0,0,0,0,0.239479,0.0183533,0.968446,-0.0665231,0,0,0,0,0,0,0,0,0,0,0,0,0,0,0,0,
0.150464,0.023546,0.987143,-0.0485318,0.195976,0.0212753,0.979124,-0.0495693,0.240602,0.0145111,0.966561,-0.0875256,0,0,0,0,0.187594,-0.628964,0.699827,-0.281878,-0.463103,0.874641,0.126147,-0.068012,-0.349039,0.746175,0.566904,0.00384339,-0.31093,0.69569,0.644541,0.0624819,0.157403,0.712887,0.68049,0.0628513,0.0897844,0.562238,0.440367,0.694193,-0.285246,0.32761,-0.0362572,0.899995,0.823099,-0.520809,0.074319,-0.213876,0.210265,-0.58535,0.744892,-0.241434,-0.0206721,0.805102,-0.0510949,-0.59057,-0.0768651,-0.547076,0.0573334,0.831573,0,0,0,0,-0.0154392,0.672477,0.736696,-0.0693911,-0.0551037,0.588695,0.0230257,0.806146,0.0872185,0.571228,0.0717694,0.812982,0,0,0,0,0.241799,0.0185557,0.967856,-0.066657,0,0,0,0,0,0,0,0,0,0,0,0,0,0,0,0,
0.151798,0.0252591,0.98692,-0.048038,0.197878,0.0229803,0.978723,-0.0491688,0.242995,0.0161685,0.965967,-0.0871708,0,0,0,0,0.186941,-0.629686,0.699836,-0.280676,-0.437252,0.879321,0.164842,-0.0918277,-0.363707,0.739151,0.566895,-0.0017809,-0.287441,0.683175,0.665421,0.0886838,0.161417,0.712766,0.679272,0.0670758,0.0727775,0.504645,0.448105,0.734328,-0.380831,0.588219,0.0154582,0.713252,-0.296857,0.609816,0.0210587,0.734545,0.21058,-0.585356,0.744571,-0.242135,-0.0222151,0.8059,-0.0503236,-0.589491,0.0942456,0.837795,-0.0213946,-0.537364,0,0,0,0,-0.0148966,0.673521,0.735901,-0.0678078,-0.0543739,0.58753,0.0241866,0.807011,0.0860498,0.570697,0.0701581,0.813621,0,0,0,0,0.244229,0.02027,0.967232,-0.0663619,0,0,0,0,0,0,0,0,0,0,0,0,0,0,0,0,
0.155719,0.0268386,0.986284,-0.0477049,0.200809,0.0246215,0.9781,-0.0488861,0.24482,0.0175139,0.965492,-0.0870769,0,0,0,0,0.187365,-0.630123,0.699015,-0.281456,-0.431653,0.879893,0.177429,-0.0893459,-0.365471,0.737958,0.567292,0.00537157,-0.263016,0.683987,0.671203,0.111676,0.162772,0.714925,0.676405,0.0697362,0.135335,0.567739,0.441321,0.68161,-0.204874,0.432957,0.105456,0.871466,0.722761,-0.536327,0.167461,-0.402401,0.212282,-0.584752,0.743946,-0.24402,-0.023874,0.80824,-0.0495506,-0.586279,-0.0803461,-0.563996,0.0568426,0.819891,0,0,0,0,-0.0121467,0.674152,0.735668,-0.0645334,-0.0551351,0.584089,0.0234023,0.809477,0.0858409,0.577418,0.0690786,0.80898,0,0,0,0,0.246096,0.0217628,0.966733,-0.0662663,0,0,0,0,0,0,0,0,0,0,0,0,0,0,0,0,
0.162372,0.0284103,0.985188,-0.0472508,0.206779,0.0262434,0.976833,-0.0484878,0.250007,0.0185404,0.964195,-0.0864851,0,0,0,0,0.190208,-0.630504,0.696788,-0.284206,-0.42208,0.87942,0.205486,-0.0790275,-0.346567,0.737506,0.579589,-0.0072556,-0.237338,0.692245,0.67418,0.0997448,0.166617,0.715832,0.673957,0.074869,0.156547,0.59076,0.431673,0.663441,-0.149141,0.449564,0.15021,0.867806,-0.136274,0.443808,0.172443,0.86875,0.21653,-0.583624,0.74229,-0.247998,-0.0239096,0.812154,-0.0503853,-0.580772,-0.0909818,-0.493308,0.065203,0.862623,0,0,0,0,-0.00837342,0.674221,0.73603,-0.0601246,-0.0556551,0.578412,0.0230071,0.813519,0.0851039,0.575584,0.0678199,0.810469,0,0,0,0,0.251323,0.0230156,0.96539,-0.0657989,0,0,0,0,0,0,0,0,0,0,0,0,0,0,0,0,
0.171334,0.029159,0.983648,-0.0472336,0.211503,0.0271987,0.9758,-0.0483889,0.250307,0.0188597,0.964099,-0.086628,0,0,0,0,0.191098,-0.631928,0.694303,-0.286515,-0.429818,0.875126,0.22026,-0.0299438,-0.331027,0.740792,0.583788,0.0289828,-0.264726,0.687508,0.668031,0.104826,0.165174,0.717354,0.672791,0.0739881,0.142252,0.564717,0.421513,0.695116,-0.138416,0.424616,0.201152,0.871826,-0.125924,0.418173,0.222174,0.87173,0.218692,-0.583851,0.740582,-0.25066,-0.0242219,0.817403,-0.0505478,-0.573333,-0.0910784,-0.484207,0.0657049,0.867716,0,0,0,0,0.00228263,0.674729,0.7363,-0.0509628,-0.0557864,0.570894,0.0215115,0.818844,0.0855482,0.586231,0.0643273,0.803042,0,0,0,0,0.251649,0.0235153,0.965285,-0.0659072,0,0,0,0,0,0,0,0,0,0,0,0,0,0,0,0,
0.179144,0.0307161,0.98221,-0.047188,0.219494,0.0287441,0.973988,-0.0484144,0.258416,0.0207799,0.96189,-0.0869301,0,0,0,0,0.194862,-0.62987,0.693451,-0.290548,-0.423185,0.875046,0.233747,-0.0238889,-0.299699,0.742863,0.598599,-0.00385012,-0.202008,0.685364,0.693615,0.0914702,0.171306,0.722635,0.664404,0.0837821,0.164215,0.573735,0.424176,0.681129,-0.11363,0.410823,0.216932,0.87821,-0.10173,0.404586,0.237564,0.877225,0.222781,-0.581731,0.739708,-0.254538,-0.0239827,0.821931,-0.050815,-0.566808,-0.090053,-0.475723,0.0667094,0.872427,0,0,0,0,0.00825125,0.675649,0.735781,-0.0453539,-0.0567598,0.564114,0.0214887,0.823463,0.0841786,0.585041,0.0622953,0.804214,0,0,0,0,0.259806,0.0253748,0.963054,-0.0662084,0,0,0,0,0,0,0,0,0,0,0,0,0,0,0,0,
0.190012,0.0316679,0.980145,-0.0470024,0.227348,0.0298476,0.972163,-0.0481789,0.263181,0.0226334,0.960607,-0.0863529,0,0,0,0,0.197298,-0.632209,0.689018,-0.294345,-0.413414,0.874869,0.251756,-0.0176572,-0.316596,0.738146,0.594774,0.0339356,-0.194025,0.683775,0.688358,0.144811,0.172865,0.727915,0.657431,0.0896778,0.13564,0.514932,0.437221,0.724765,-0.225683,0.895323,0.194425,0.331155,0.287096,0.84324,0.222868,0.396046,0.227922,-0.580061,0.737853,-0.259142,-0.023133,0.828146,-0.0514234,-0.557668,-0.0875914,-0.485128,0.0638736,0.867697,0,0,0,0,0.0174721,0.676754,0.73507,-0.0370163,-0.0588567,0.554629,0.0199185,0.829775,0.0841698,0.596572,0.0601311,0.795866,0,0,0,0,0.264592,0.0271557,0.961729,-0.0658064,0,0,0,0,0,0,0,0,0,0,0,0,0,0,0,0,
0.201911,0.0325222,0.977731,-0.0470809,0.235987,0.0308555,0.97007,-0.0481896,0.268437,0.0236028,0.95915,-0.0861186,0,0,0,0,0.199824,-0.63359,0.685404,-0.298084,-0.403033,0.874896,0.268275,-0.0122414,-0.314699,0.732748,0.601389,0.0487416,-0.197566,0.683557,0.685253,0.155385,0.174729,0.734741,0.648206,0.0972366,0.141138,0.512576,0.437997,0.724917,-0.231482,0.88883,0.187612,0.348137,-0.409301,0.83555,0.20848,0.301439,0.234469,-0.578881,0.734346,-0.265815,-0.0230769,0.834883,-0.0509527,-0.547578,-0.0839967,-0.464146,0.06733,0.879193,0,0,0,0,0.0266523,0.678977,0.733102,-0.0290026,-0.0610348,0.54417,0.0175556,0.836568,0.0830051,0.583314,0.061377,0.80566,0,0,0,0,0.269884,0.0283246,0.960232,-0.0656806,0,0,0,0,0,0,0,0,0,0,0,0,0,0,0,0,
0.214508,0.0341127,0.97498,-0.0472934,0.241803,0.0327711,0.968572,-0.0482327,0.2672,0.0253199,0.959415,-0.0865225,0,0,0,0,0.199655,-0.634991,0.683196,-0.30028,-0.397568,0.871778,0.286251,0.00190952,-0.334148,0.730395,0.589245,0.0875088,-0.198664,0.672364,0.682865,0.205315,0.172045,0.736415,0.647457,0.0943054,0.145601,0.50075,0.434321,0.734449,-0.212297,0.888458,0.200516,0.35407,-0.40801,0.837384,0.210988,0.296311,0.23717,-0.578375,0.732509,-0.269561,-0.0243345,0.84188,-0.0509045,-0.536707,-0.0885932,-0.507179,0.0656223,0.85476,0,0,0,0,0.0429307,0.679578,0.732187,-0.0152767,-0.0629707,0.532937,0.0131631,0.843706,0.083877,0.586585,0.059768,0.803312,0,0,0,0,0.268702,0.0301999,0.960487,-0.0659678,0,0,0,0,0,0,0,0,0,0,0,0,0,0,0,0,
0.220925,0.0362009,0.973482,-0.047065,0.244829,0.035031,0.967746,-0.0479422,0.266738,0.0280158,0.959535,-0.0857791,0,0,0,0,0.200305,-0.636888,0.680162,-0.302708,-0.393222,0.869274,0.299184,0.015101,-0.20862,0.736098,0.642131,-0.0480189,-0.0431184,0.692588,0.714782,0.0868835,0.168977,0.739021,0.645519,0.0927351,0.1512,0.503704,0.431546,0.732931,-0.192396,0.891923,0.200563,0.356694,-0.407531,0.838053,0.211909,0.294417,0.239994,-0.57804,0.730427,-0.273403,-0.0236175,0.845382,-0.0515331,-0.531145,-0.0910992,-0.563744,0.0578354,0.81887,0,0,0,0,0.0477987,0.681409,0.730268,-0.0102549,-0.0630146,0.52711,0.0108696,0.847388,0.0835626,0.58654,0.059623,0.803388,0,0,0,0,0.268263,0.0328168,0.960563,-0.065404,0,0,0,0,0,0,0,0,0,0,0,0,0,0,0,0,
0.227809,0.038088,0.971839,-0.0467043,0.248629,0.0370761,0.966722,-0.0475116,0.267336,0.0299218,0.959367,-0.08515,0,0,0,0,0.202325,-0.638602,0.676165,-0.306679,-0.392808,0.867856,0.302562,0.0313881,-0.426648,0.697175,0.522201,0.24336,-0.297884,0.603541,0.645939,0.360229,0.165948,0.741477,0.643674,0.0914138,0.16688,0.526128,0.425144,0.717351,-0.219385,-0.0916276,-0.101959,0.96596,0.670841,0.577787,-0.159027,0.436858,0.243225,-0.577028,0.728805,-0.276989,-0.0226547,0.849105,-0.0520076,-0.52517,0.097921,0.852032,-0.016605,-0.513982,0,0,0,0,0.0534138,0.682163,0.729233,-0.00453375,-0.0634267,0.520823,0.00917267,0.851256,0.0831163,0.578263,0.0600419,0.809381,0,0,0,0,0.268897,0.034858,0.960352,-0.064838,0,0,0,0,0,0,0,0,0,0,0,0,0,0,0,0,
0.239307,0.0391406,0.969021,-0.0468833,0.27661,0.0372979,0.95904,-0.0483621,0.312393,0.0273769,0.945645,-0.0861218,0,0,0,0,0.243252,-0.621495,0.652862,-0.358251,-0.409147,0.873778,0.253218,0.0706483,-0.255452,0.741509,0.612618,0.0980146,-0.166783,0.66071,0.710068,0.177341,0.178588,0.753678,0.621124,0.119501,0.180239,0.529084,0.419369,0.715341,0.0165653,0.932342,0.218343,-0.287734,-0.14201,-0.137827,0.836383,-0.511176,0.251428,-0.573982,0.72536,-0.284925,-0.0219376,0.855174,-0.0545698,-0.514994,0.103055,0.869585,-0.0128259,-0.482739,0,0,0,0,0.0594726,0.685207,0.725915,0.00110718,-0.0644087,0.510492,0.00832513,0.857427,0.0816432,0.583833,0.0588317,0.805613,0,0,0,0,0.314047,0.033313,0.946514,-0.0661471,0,0,0,0,0,0,0,0,0,0,0,0,0,0,0,0,
0.25226,0.0400234,0.965666,-0.0474484,0.287624,0.0382503,0.95573,-0.048889,0.321409,0.0287001,0.942534,-0.0866109,0,0,0,0,0.24963,-0.619897,0.645958,-0.368987,-0.398521,0.876342,0.263053,0.0633206,-0.256728,0.740994,0.613393,0.0936341,-0.132568,0.660728,0.712517,0.195406,0.181919,0.755993,0.616162,0.125398,0.180287,0.529363,0.419379,0.715117,-0.0599739,0.974803,0.211203,0.0394398,0.0622337,-0.399216,0.783501,0.472101,0.257158,-0.571417,0.723015,-0.290862,-0.0217667,0.861953,-0.0558309,-0.503434,0.103974,0.87342,-0.0134845,-0.475546,0,0,0,0,0.070862,0.689225,0.720994,0.0107372,-0.067197,0.498566,0.00751332,0.864211,0.0805971,0.57637,0.0581922,0.81112,0,0,0,0,0.323103,0.0346472,0.943378,-0.0666435,0,0,0,0,0,0,0,0,0,0,0,0,0,0,0,0,
0.262695,0.04075,0.962804,-0.0483549,0.297303,0.0389767,0.952687,-0.0497954,0.330263,0.0286925,0.939386,-0.0875006,0,0,0,0,0.25451,-0.619892,0.638581,-0.378381,-0.402431,0.873642,0.256805,0.0940728,-0.612161,-0.120077,-0.242734,0.742914,0.710269,0.205123,0.139057,-0.658867,0.186658,0.757532,0.61141,0.132215,0.180494,0.52961,0.419293,0.714933,-0.216274,0.0637101,-0.0395517,0.973449,0.494472,0.0976628,0.429571,0.749286,0.262642,-0.568278,0.72119,-0.296588,-0.0217901,0.867306,-0.0573507,-0.49398,0.102285,0.877042,-0.0133921,-0.469207,0,0,0,0,0.0788393,0.690002,0.719303,0.0168474,-0.0661732,0.489287,0.0062397,0.869586,0.0789221,0.587444,0.0571267,0.803379,0,0,0,0,0.332003,0.0349293,0.940208,-0.0675533,0,0,0,0,0,0,0,0,0,0,0,0,0,0,0,0,
0.266921,0.0424959,0.961545,-0.048767,0.302156,0.0406709,0.951061,-0.0502991,0.335729,0.0308472,0.937278,-0.0885689,0,0,0,0,0.256886,-0.619983,0.633169,-0.385652,-0.396505,0.87373,0.264342,0.0974804,-0.61494,-0.111312,-0.232017,0.745403,0.708189,0.210605,0.103529,-0.66588,0.18915,0.760022,0.606677,0.136133,0.180715,0.529659,0.419341,0.714812,-0.202387,-0.147679,-0.0862887,0.964253,0.627852,0.551416,-0.243246,0.492518,0.264871,-0.565974,0.721042,-0.299358,-0.0217548,0.869464,-0.0576122,-0.490143,0.104418,0.879335,-0.012647,-0.464442,0,0,0,0,0.0809532,0.691037,0.718028,0.0187064,-0.0667682,0.485143,0.00686051,0.871855,0.0786385,0.589964,0.0562525,0.80162,0,0,0,0,0.337529,0.0370414,0.938088,-0.0685039,0,0,0,0,0,0,0,0,0,0,0,0,0,0,0,0,
0.274282,0.0432167,0.959421,-0.0491106,0.308275,0.0414404,0.949045,-0.0506184,0.340531,0.0310575,0.935523,-0.0887182,0,0,0,0,-0.281461,0.63471,-0.618113,0.368589,-0.401876,0.869275,0.258278,0.12708,-0.613424,-0.168291,-0.236284,0.734546,0.687289,0.238219,0.14932,-0.669768,0.190871,0.762342,0.602101,0.140986,0.180952,0.529774,0.419322,0.714678,-0.217739,0.107283,-0.0318324,0.96957,0.601009,0.234727,0.25497,0.720196,0.268434,-0.563661,0.720132,-0.302721,-0.0216732,0.873171,-0.0583182,-0.483427,0.105222,0.881294,-0.0125994,-0.460533,0,0,0,0,0.0872548,0.691919,0.71628,0.0240285,-0.06859,0.478164,0.00534528,0.875572,0.0795388,0.594918,0.0560964,0.797872,0,0,0,0,0.34236,0.0375292,0.936299,-0.0687421,0,0,0,0,0,0,0,0,0,0,0,0,0,0,0,0,
0.281597,0.0436471,0.957216,-0.0503496,0.311927,0.0420221,0.947767,-0.0517136,0.340259,0.0316131,0.935521,-0.0895784,0,0,0,0,-0.273607,0.635108,-0.62355,0.364641,-0.400794,0.864548,0.261403,0.153588,-0.619186,-0.158798,-0.200007,0.742555,0.699113,0.215071,0.128494,-0.669683,0.19488,0.765733,0.594675,0.148446,0.18126,0.529873,0.419347,0.714512,-0.216475,0.0766168,-0.0396208,0.97247,0.651458,0.526987,-0.032336,0.544832,0.270719,-0.561396,0.719787,-0.305698,-0.0222925,0.876848,-0.0586541,-0.476656,0.10674,0.881308,-0.0130326,-0.460144,0,0,0,0,0.0959582,0.692174,0.714691,0.0300455,-0.0688459,0.471458,0.00288525,0.879193,0.0778181,0.594918,0.0555012,0.798083,0,0,0,0,0.342115,0.038104,0.936305,-0.0695612,0,0,0,0,0,0,0,0,0,0,0,0,0,0,0,0,
0.289726,0.0438319,0.954696,-0.0518918,0.317267,0.04231,0.9459,-0.0531401,0.342678,0.0319802,0.934524,-0.0906254,0,0,0,0,-0.273348,0.634834,-0.622977,0.366287,-0.389172,0.867208,0.272658,0.148836,-0.647113,0.00700979,-0.0658431,0.759513,0.704216,0.0897532,-0.0627529,-0.701489,0.197197,0.767586,0.590555,0.152214,0.18141,0.52993,0.419351,0.714429,-0.208797,-0.0582894,-0.069311,0.973757,0.608317,0.530084,-0.206523,0.553453,0.27415,-0.558494,0.718998,-0.309787,-0.0222105,0.88088,-0.0591714,-0.469101,-0.086435,-0.483982,0.0717277,0.86784,0,0,0,0,0.103794,0.692241,0.713305,0.0349904,-0.0705898,0.463833,0.00066453,0.883106,0.0767743,0.589786,0.0558654,0.801958,0,0,0,0,0.344559,0.0384552,0.935319,-0.0705537,0,0,0,0,0,0,0,0,0,0,0,0,0,0,0,0,
0.295815,0.0445125,0.952742,-0.0528633,0.325586,0.0428306,0.942983,-0.0542349,0.353375,0.0319311,0.93041,-0.0918886,0,0,0,0,-0.287302,0.637092,-0.605405,0.380862,-0.390777,0.866886,0.266716,0.157049,-0.614297,-0.168289,-0.202916,0.743735,0.699726,0.249765,0.0907675,-0.663146,0.197948,0.76857,0.588544,0.154057,0.181453,0.529948,0.419365,0.714397,-0.215873,0.0657928,-0.0422677,0.973285,0.665634,0.471134,-0.0199652,0.578416,0.277072,-0.556068,0.718265,-0.313233,-0.0220829,0.883833,-0.0601698,-0.463391,-0.0846808,-0.473675,0.0711536,0.873727,0,0,0,0,0.109045,0.692901,0.711693,0.0386095,-0.0715221,0.458027,0.000585493,0.886056,0.0713829,0.519082,0.0614511,0.849519,0,0,0,0,0.355302,0.0386393,0.931187,-0.0718288,0,0,0,0,0,0,0,0,0,0,0,0,0,0,0,0,
0.30172,0.0455986,0.950793,-0.0536582,0.33087,0.0439238,0.941045,-0.0550377,0.357954,0.0326648,0.928532,-0.0928963,0,0,0,0,-0.289027,0.639549,-0.598772,0.385891,-0.372099,0.865194,0.297725,0.15602,-0.635567,-0.158788,-0.18263,0.733136,0.705456,0.249303,0.0612256,-0.660629,0.200878,0.769416,0.585572,0.157329,-0.0687459,0.391526,-0.0708202,0.914858,-0.424072,0.464585,-0.143482,0.764026,-0.136144,0.244466,0.35395,0.892424,0.280317,-0.554214,0.71653,-0.317575,-0.0214352,0.886639,-0.0616379,-0.457834,-0.0856527,-0.472462,0.0723082,0.874194,0,0,0,0,0.113081,0.69264,0.711162,0.0413674,-0.072352,0.452314,-0.000575476,0.888919,0.0676853,0.483508,0.063993,0.87037,0,0,0,0,0.359925,0.039578,0.929288,-0.0728789,0,0,0,0,0,0,0,0,0,0,0,0,0,0,0,0,
0.304938,0.0463825,0.94969,-0.0543213,0.333511,0.0447189,0.940036,-0.0556987,0.359964,0.0332036,0.927666,-0.0935934,0,0,0,0,-0.290148,0.640935,-0.594952,0.388651,-0.373725,0.864052,0.294897,0.163643,-0.637477,-0.15728,-0.170992,0.734607,0.700811,0.249832,0.0447764,-0.666666,0.201313,0.771263,0.582504,0.159109,-0.0687117,0.387836,-0.0736762,0.916206,-0.425274,0.464399,-0.142461,0.763662,-0.136288,0.244101,0.353894,0.892524,0.282035,-0.552546,0.716121,-0.319876,-0.021408,0.888175,-0.0621469,-0.454779,-0.0853637,-0.468932,0.0733641,0.876033,0,0,0,0,0.115111,0.69245,0.710957,0.0424561,-0.0723132,0.449214,-0.000814634,0.890493,0.0687124,0.494946,0.0631525,0.863897,0,0,0,0,0.361962,0.0402407,0.928409,-0.0736205,0,0,0,0,0,0,0,0,0,0,0,0,0,0,0,0,
0.308324,0.0467492,0.948547,-0.0548489,0.336779,0.0450745,0.938822,-0.0562333,0.363078,0.0330963,0.926419,-0.0939508,0,0,0,0,-0.289732,0.642171,-0.592544,0.390595,-0.3741,0.86271,0.29479,0.169939,-0.636963,-0.164028,-0.169077,0.73402,0.693467,0.260502,0.0390559,-0.670609,0.204408,0.771618,0.579791,0.163296,-0.0690208,0.37903,-0.0804542,0.919293,-0.426296,0.464538,-0.13954,0.763548,-0.136174,0.244401,0.353931,0.892445,0.284186,-0.550865,0.715544,-0.322153,-0.0207369,0.889783,-0.0625614,-0.4516,-0.0836689,-0.480061,0.0712308,0.870326,0,0,0,0,0.117151,0.692641,0.71036,0.0437475,-0.0718514,0.446071,-0.000522999,0.892108,0.0681412,0.507213,0.0616348,0.856909,0,0,0,0,0.365089,0.0402866,0.927146,-0.0740831,0,0,0,0,0,0,0,0,0,0,0,0,0,0,0,0,
0.307327,0.047598,0.948809,-0.0551948,0.335002,0.0459599,0.939394,-0.056566,0.360498,0.0346603,0.927361,-0.0940284,0,0,0,0,-0.285758,0.642401,-0.596197,0.387574,-0.373114,0.861569,0.295843,0.175959,-0.637619,-0.163355,-0.161314,0.735347,0.693293,0.249955,0.0449467,-0.674423,0.202772,0.775705,0.574297,0.165371,-0.0686391,0.375627,-0.0830802,0.920484,-0.431503,0.463113,-0.139426,0.761507,-0.137282,0.241598,0.353503,0.893207,0.284101,-0.549435,0.716674,-0.322159,-0.0220855,0.889351,-0.061879,-0.45248,-0.089257,-0.491517,0.0718845,0.863294,0,0,0,0,0.115006,0.692802,0.710679,0.0416489,-0.0716863,0.446845,0.000655531,0.891734,0.0679379,0.511903,0.060732,0.854196,0,0,0,0,0.362503,0.0415576,0.928095,-0.0741849,0,0,0,0,0,0,0,0,0,0,0,0,0,0,0,0,
0.312065,0.0478767,0.947193,-0.0561188,0.338576,0.0462797,0.938043,-0.0574429,0.362793,0.0348937,0.926335,-0.0952241,0,0,0,0,-0.286091,0.642893,-0.593913,0.390009,-0.370021,0.864337,0.293256,0.173225,-0.622058,-0.170583,-0.181093,0.742395,0.690016,0.265063,0.0482239,-0.671784,0.204765,0.776381,0.57207,0.167451,-0.0684079,0.372945,-0.0850284,0.921413,-0.432549,0.462915,-0.138645,0.761176,-0.137419,0.241241,0.353456,0.893302,0.28528,-0.548146,0.716344,-0.324042,-0.0222401,0.891615,-0.0620513,-0.447971,-0.0890132,-0.486348,0.0728,0.866165,0,0,0,0,0.121472,0.69288,0.709253,0.0460677,-0.0720608,0.442367,1.6092e-005,0.893935,0.0706666,0.534437,0.0600253,0.840107,0,0,0,0,0.364843,0.0418914,0.92708,-0.075214,0,0,0,0,0,0,0,0,0,0,0,0,0,0,0,0,
0.316684,0.0485984,0.94561,-0.0563046,0.34184,0.0470765,0.93681,-0.0575831,0.364624,0.0354039,0.92561,-0.0950888,0,0,0,0,-0.28804,0.6425,-0.592073,0.392017,-0.372858,0.863458,0.288524,0.179364,-0.621905,-0.163188,-0.169623,0.746881,0.690518,0.255488,0.0387192,-0.675583,0.20535,0.776355,0.571699,0.168118,-0.0679015,0.369308,-0.0875684,0.922677,-0.433516,0.462788,-0.137468,0.760916,-0.137497,0.241045,0.353425,0.893355,0.287482,-0.546914,0.715296,-0.326483,-0.0221653,0.893747,-0.0630309,-0.443568,-0.0903999,-0.491879,0.0728048,0.862892,0,0,0,0,0.125659,0.693668,0.707501,0.0497779,-0.0706126,0.438102,0.000661664,0.896148,0.0641918,0.565654,0.0556967,0.820252,0,0,0,0,0.366681,0.0425188,0.926325,-0.0752307,0,0,0,0,0,0,0,0,0,0,0,0,0,0,0,0,
0.314777,0.0494043,0.946194,-0.0564956,0.338916,0.0479406,0.937818,-0.0577428,0.360586,0.0364568,0.927147,-0.0951149,0,0,0,0,-0.281345,0.641845,-0.59956,0.386533,-0.370933,0.862954,0.291427,0.181081,-0.621526,-0.163295,-0.168643,0.747395,0.695567,0.253688,0.0389817,-0.671051,0.205366,0.778075,0.569098,0.168975,-0.0675856,0.36555,-0.0903264,0.92393,-0.436359,0.462088,-0.136576,0.759876,-0.13801,0.239746,0.353224,0.893705,0.286864,-0.545983,0.71648,-0.325988,-0.0213006,0.892907,-0.0620185,-0.44544,-0.0889397,-0.490796,0.0721326,0.863716,0,0,0,0,0.122821,0.694804,0.707046,0.0474112,-0.0704745,0.439735,0.00170812,0.895357,0.0643774,0.562585,0.0551463,0.822383,0,0,0,0,0.362645,0.0434481,0.927866,-0.0752676,0,0,0,0,0,0,0,0,0,0,0,0,0,0,0,0,
0.318127,0.0500218,0.945021,-0.0568161,0.34187,0.0485722,0.936693,-0.0580601,0.363084,0.0368935,0.926118,-0.095465,0,0,0,0,-0.281519,0.642323,-0.597645,0.388573,-0.373388,0.862766,0.28834,0.181869,-0.610952,-0.202255,-0.20092,0.738553,0.700145,0.277125,0.0939928,-0.651279,0.207989,0.77748,0.568363,0.170965,-0.066449,0.354412,-0.0979166,0.927572,-0.435184,0.462995,-0.1322,0.760772,-0.13725,0.241666,0.353521,0.893187,0.28814,-0.545169,0.715768,-0.327784,-0.0207762,0.894465,-0.0624386,-0.442269,-0.0917179,-0.481612,0.0765618,0.868203,0,0,0,0,0.126363,0.694852,0.706183,0.0501914,-0.0710643,0.436423,0.00115128,0.89693,0.0643218,0.564745,0.0545823,0.820943,0,0,0,0,0.365165,0.0440296,0.926816,-0.0756869,0,0,0,0,0,0,0,0,0,0,0,0,0,0,0,0,
0.31737,0.0504137,0.94523,-0.0572252,0.341708,0.048917,0.936707,-0.0585098,0.363542,0.0368996,0.925916,-0.0956829,0,0,0,0,-0.281938,0.642488,-0.596774,0.389334,-0.374827,0.862997,0.285669,0.18203,-0.613053,-0.186791,-0.189298,0.743936,0.69414,0.258843,0.088176,-0.66588,0.208051,0.777832,0.5678,0.171159,-0.070395,0.350728,-0.101154,0.928333,-0.422053,0.466973,-0.129316,0.766215,-0.134119,0.24956,0.354728,0.891011,0.288028,-0.544504,0.716189,-0.32807,-0.0206627,0.894149,-0.0619043,-0.442989,0.118056,0.889882,-0.0107411,-0.440519,0,0,0,0,0.124688,0.694196,0.707265,0.0481867,-0.0651344,0.437879,-0.00356963,0.896664,0.0473908,0.594644,0.0540642,0.800768,0,0,0,0,0.365624,0.0440724,0.92661,-0.0759686,0,0,0,0,0,0,0,0,0,0,0,0,0,0,0,0,
0.316264,0.0507063,0.945581,-0.0572863,0.340264,0.0492296,0.937213,-0.0585602,0.361694,0.037104,0.926632,-0.0956713,0,0,0,0,-0.27806,0.639967,-0.603762,0.385483,-0.370575,0.864949,0.286798,0.179679,-0.617762,-0.1651,-0.172021,0.749347,-0.684373,-0.243505,-0.0580712,0.684811,0.209543,0.777672,0.567131,0.172282,-0.0700332,0.345157,-0.104922,0.930029,-0.422057,0.467184,-0.127535,0.766382,-0.133925,0.250062,0.354795,0.890872,0.287399,-0.544483,0.716649,-0.327648,-0.0206889,0.893651,-0.061543,-0.444041,0.118064,0.889185,-0.0107806,-0.441922,0,0,0,0,0.123569,0.694113,0.707612,0.0471485,-0.0682761,0.438394,0.00191796,0.896184,0.0641549,0.573939,0.0539459,0.814597,0,0,0,0,0.363779,0.0442912,0.927325,-0.0759752,0,0,0,0,0,0,0,0,0,0,0,0,0,0,0,0,
0.316522,0.0509171,0.945471,-0.0574936,0.340173,0.0494568,0.937222,-0.0587545,0.361231,0.0370693,0.926807,-0.0957401,0,0,0,0,-0.277685,0.641024,-0.602725,0.385619,-0.37294,0.865005,0.283156,0.180292,-0.610878,-0.192067,-0.193396,0.743328,-0.675658,-0.268573,-0.0829062,0.681528,0.209244,0.77743,0.567883,0.171253,-0.0638576,0.284106,-0.143442,0.945849,-0.423607,0.468826,-0.10874,0.767421,-0.13214,0.254559,0.355452,0.889603,0.287701,-0.54413,0.716539,-0.328211,-0.0211877,0.89377,-0.0617138,-0.443754,0.110386,0.889433,-0.0162038,-0.44324,0,0,0,0,0.123077,0.694004,0.707847,0.0465172,-0.068976,0.438019,0.00236503,0.896312,0.0653952,0.567435,0.0539611,0.819042,0,0,0,0,0.363312,0.0442769,0.927498,-0.0761048,0,0,0,0,0,0,0,0,0,0,0,0,0,0,0,0,
0.315635,0.0510937,0.945748,-0.0576508,0.338195,0.0496984,0.937918,-0.058858,0.35809,0.0373171,0.928025,-0.0956416,0,0,0,0,-0.274621,0.638276,-0.609583,0.381569,-0.368612,0.868435,0.281422,0.175349,-0.620812,-0.1579,-0.164556,0.750054,-0.66967,-0.21713,-0.0845832,0.705154,0.20899,0.777134,0.568817,0.169803,-0.0611001,0.26325,-0.155348,0.950175,-0.417504,0.470936,-0.103308,0.770219,-0.130268,0.259217,0.356156,0.888251,0.287283,-0.544153,0.716729,-0.328123,-0.0212802,0.893378,-0.0613279,-0.444592,0.109837,0.888433,-0.0166799,-0.445358,0,0,0,0,0.121711,0.694002,0.708171,0.0451816,-0.0688487,0.438833,0.00235557,0.895924,0.0616445,0.503606,0.057964,0.85978,0,0,0,0,0.360162,0.0444634,0.92872,-0.076066,0,0,0,0,0,0,0,0,0,0,0,0,0,0,0,0,
0.316589,0.0509483,0.945422,-0.0579025,0.338566,0.0495832,0.937776,-0.0590758,0.35787,0.0370427,0.928123,-0.0956243,0,0,0,0,-0.274903,0.638615,-0.609,0.381732,-0.369036,0.87205,0.273351,0.169174,-0.612982,-0.192817,-0.194944,0.740993,-0.652659,-0.241926,-0.130667,0.705999,0.208388,0.777437,0.568736,0.169427,-0.0594748,0.282052,-0.143682,0.946712,-0.420891,0.469585,-0.108149,0.768534,-0.131509,0.256103,0.355707,0.889151,0.287962,-0.543351,0.716873,-0.328543,-0.0214129,0.89381,-0.0617552,-0.443658,0.109992,0.888294,-0.0159881,-0.445623,0,0,0,0,0.122652,0.69412,0.70786,0.0456893,-0.0691971,0.437938,0.00155459,0.896337,0.0618178,0.513286,0.0574283,0.85406,0,0,0,0,0.35993,0.0442142,0.928815,-0.0761506,0,0,0,0,0,0,0,0,0,0,0,0,0,0,0,0,
0.314514,0.0508461,0.946114,-0.0579989,0.336759,0.0494629,0.938426,-0.059183,0.356373,0.0366654,0.928719,-0.0955776,0,0,0,0,-0.27465,0.639776,-0.608469,0.380814,-0.363943,0.878779,0.267767,0.153606,-0.614695,-0.174745,-0.192264,0.744747,-0.651977,-0.217091,-0.138516,0.71317,0.205163,0.781644,0.563701,0.170829,-0.0544504,0.281779,-0.143228,0.947165,-0.429855,0.467216,-0.107124,0.765153,-0.133274,0.251675,0.355049,0.890414,0.286946,-0.543556,0.717562,-0.327587,-0.0214773,0.892863,-0.0612322,-0.445628,0.113995,0.887414,-0.0132007,-0.446461,0,0,0,0,0.120631,0.694234,0.708215,0.0438037,-0.0692384,0.439888,0.00186016,0.895378,0.0621128,0.519602,0.0566543,0.850263,0,0,0,0,0.358431,0.0439741,0.929405,-0.0761506,0,0,0,0,0,0,0,0,0,0,0,0,0,0,0,0,
0.30934,0.0507402,0.947797,-0.0584425,0.331805,0.0493352,0.940168,-0.0596333,0.351631,0.0362573,0.930528,-0.0956969,0,0,0,0,-0.268298,0.639639,-0.615151,0.37479,-0.357603,0.883722,0.271659,0.131742,-0.586372,-0.148277,-0.219364,0.765546,-0.675397,-0.209757,-0.139559,0.693083,0.204496,0.783282,0.561666,0.170829,-0.0512807,0.234559,-0.169594,0.955819,-0.39505,0.476681,-0.0997395,0.77895,-0.12531,0.271547,0.357945,0.884554,0.283701,-0.54472,0.719014,-0.325289,-0.0234497,0.890505,-0.0596723,-0.450433,0.114481,0.885535,-0.0126213,-0.45007,0,0,0,0,0.116511,0.693189,0.710185,0.0393818,-0.0698072,0.444643,0.00297015,0.892979,0.0670943,0.543322,0.0545622,0.835058,0,0,0,0,0.353696,0.0437387,0.931219,-0.0762784,0,0,0,0,0,0,0,0,0,0,0,0,0,0,0,0,
0.305019,0.0505427,0.949208,-0.0584224,0.326604,0.0491961,0.941999,-0.0595608,0.345403,0.0350355,0.932879,-0.0959498,0,0,0,0,-0.261863,0.63888,-0.623028,0.367554,-0.356504,0.887271,0.264735,0.124778,-0.585569,-0.160657,-0.229114,0.760792,-0.663165,-0.21013,-0.168798,0.698258,0.202815,0.784478,0.561138,0.169069,-0.0485925,0.215879,-0.179501,0.958548,-0.387436,0.478518,-0.0976553,0.781906,-0.123568,0.275856,0.358553,0.883218,0.280404,-0.546577,0.720067,-0.322692,-0.0235683,0.888506,-0.0583908,-0.454524,-0.0949348,-0.534096,0.069993,0.837156,0,0,0,0,0.114002,0.693033,0.710871,0.0370394,-0.0697837,0.448684,0.00359567,0.890954,0.0665963,0.54465,0.0539322,0.834274,0,0,0,0,0.347509,0.0429663,0.933581,-0.0762721,0,0,0,0,0,0,0,0,0,0,0,0,0,0,0,0,
0.298443,0.0502333,0.951331,-0.0581267,0.321454,0.0488071,0.943804,-0.0593293,0.341719,0.0338013,0.934295,-0.095807,0,0,0,0,-0.260874,0.637335,-0.626997,0.364176,-0.35115,0.894545,0.255239,0.106469,-0.595731,-0.137315,-0.217721,0.760819,-0.649537,-0.178378,-0.169783,0.719344,0.19959,0.786065,0.560659,0.167117,-0.0469174,0.236524,-0.168204,0.955805,-0.403099,0.474967,-0.0983369,0.776046,-0.126777,0.267902,0.357434,0.885662,0.275982,-0.549099,0.721574,-0.318834,-0.0238297,0.885425,-0.0564343,-0.460727,0.115875,0.88151,-0.0124869,-0.457556,0,0,0,0,0.109426,0.693029,0.71178,0.0332538,-0.0698893,0.45479,0.0046099,0.88784,0.0665983,0.520328,0.0547831,0.849601,0,0,0,0,0.34382,0.0419178,0.935009,-0.0760882,0,0,0,0,0,0,0,0,0,0,0,0,0,0,0,0,
0.294763,0.0496625,0.952539,-0.0575983,0.31785,0.0482465,0.945086,-0.0587895,0.338172,0.0324305,0.935696,-0.0951929,0,0,0,0,0.241425,-0.625137,0.638804,-0.377951,-0.342718,0.90315,0.24717,0.0759635,-0.578622,-0.115384,-0.236192,0.772073,-0.673275,-0.178122,-0.161223,0.699271,0.198074,0.784336,0.564565,0.163862,-0.0463773,0.248252,-0.161675,0.953982,-0.414002,0.472207,-0.0991393,0.771877,-0.129087,0.262152,0.356603,0.887382,0.274178,-0.550251,0.722438,-0.316439,-0.0238051,0.88366,-0.0556428,-0.464201,0.10925,0.880337,-0.0141791,-0.461378,0,0,0,0,0.10622,0.693128,0.712269,0.0310414,-0.0699493,0.458258,0.00548927,0.886045,0.0633571,0.481864,0.0564813,0.872126,0,0,0,0,0.340254,0.0407019,0.936416,-0.0754655,0,0,0,0,0,0,0,0,0,0,0,0,0,0,0,0,
0.287377,0.0492279,0.954836,-0.0572661,0.313021,0.0476657,0.946739,-0.0585728,0.335954,0.0311266,0.936542,-0.0951538,0,0,0,0,0.240443,-0.624138,0.642473,-0.37399,-0.340507,0.91017,0.229044,0.0564214,-0.579872,-0.10114,-0.236716,0.772971,-0.663157,-0.159911,-0.168922,0.711419,0.198709,0.781271,0.56934,0.161192,-0.0389981,0.232114,-0.16961,0.956992,-0.402412,0.475234,-0.0971025,0.776394,-0.126508,0.268581,0.357524,0.885458,0.269601,-0.552118,0.724743,-0.311816,-0.025494,0.880091,-0.0541666,-0.471015,0.108067,0.879266,-0.0133955,-0.463716,0,0,0,0,0.101163,0.692859,0.713437,0.0268155,-0.0702004,0.46506,0.00639785,0.882468,0.0642355,0.511736,0.0547914,0.854984,0,0,0,0,0.338032,0.0395089,0.937283,-0.0753239,0,0,0,0,0,0,0,0,0,0,0,0,0,0,0,0,
0.278031,0.0485418,0.957646,-0.0570734,0.305582,0.0468726,0.949213,-0.058452,0.330493,0.0301763,0.938508,-0.0952117,0,0,0,0,-0.251422,0.641651,-0.632044,0.354388,-0.335472,0.919422,0.204072,0.0218074,-0.586226,-0.068585,-0.234203,0.772518,-0.658975,-0.120506,-0.179402,0.720448,0.197012,0.777406,0.577197,0.15385,-0.0253214,0.199512,-0.186328,0.961684,-0.39204,0.478002,-0.0921253,0.780597,-0.123899,0.275038,0.358444,0.883471,0.26357,-0.555263,0.726813,-0.306522,-0.0276789,0.875561,-0.0510454,-0.479606,0.109725,0.876649,-0.0122373,-0.468292,0,0,0,0,0.0942956,0.691744,0.71566,0.0207178,-0.0702506,0.473671,0.00754563,0.877863,0.0651796,0.529947,0.053322,0.843839,0,0,0,0,0.332544,0.0384216,0.939291,-0.0753076,0,0,0,0,0,0,0,0,0,0,0,0,0,0,0,0,
0.276671,0.0474858,0.958124,-0.0565499,0.303377,0.0458846,0.950005,-0.0578567,0.327398,0.0283568,0.939708,-0.094629,0,0,0,0,0.236983,-0.628294,0.643068,-0.36817,-0.331894,0.924018,0.189663,0.00803676,-0.58188,-0.0747017,-0.246011,0.771566,-0.625486,-0.101126,-0.223203,0.740757,0.194248,0.774259,0.583783,0.148284,-0.0219558,0.19671,-0.187397,0.962136,-0.388348,0.478767,-0.0925781,0.781919,-0.123216,0.276739,0.358673,0.882942,0.263504,-0.555887,0.726843,-0.305377,-0.0259888,0.874858,-0.0512503,-0.480958,-0.088147,-0.497002,0.0685619,0.860534,0,0,0,0,0.0927947,0.691985,0.715645,0.0199498,-0.0710116,0.47498,0.00777225,0.877092,0.0689064,0.580427,0.0488927,0.809918,0,0,0,0,0.329419,0.0366731,0.940512,-0.074669,0,0,0,0,0,0,0,0,0,0,0,0,0,0,0,0,
0.269459,0.0461716,0.96027,-0.0560433,0.296274,0.0445823,0.952339,-0.0573157,0.320375,0.0267539,0.942165,-0.0947084,0,0,0,0,0.231685,-0.63391,0.642929,-0.362109,-0.335195,0.925983,0.173734,-0.00409698,-0.574114,-0.0567965,-0.24831,0.778145,-0.624968,-0.0904884,-0.217538,0.744247,0.191506,0.770945,0.590833,0.141021,0.102912,0.499496,0.396524,0.763335,-0.12011,0.493598,0.246761,0.825254,-0.0523664,0.439897,0.375707,0.813998,0.259136,-0.558665,0.728193,-0.300793,-0.026184,0.871279,-0.0491616,-0.487617,-0.0878633,-0.499957,0.0673312,0.858947,0,0,0,0,0.0877011,0.693449,0.714969,0.0159939,-0.0708829,0.481723,0.00969575,0.873398,0.0691366,0.574397,0.0481105,0.814232,0,0,0,0,0.322359,0.0348621,0.943035,-0.0745335,0,0,0,0,0,0,0,0,0,0,0,0,0,0,0,0,
0.264567,0.0447642,0.961738,-0.055331,0.293419,0.0430771,0.953331,-0.0566544,0.319638,0.0241612,0.942528,-0.0942813,0,0,0,0,0.236542,-0.628004,0.646031,-0.363733,-0.325393,0.932871,0.151487,-0.0303741,-0.616836,0.159569,-0.0982418,0.76446,-0.644923,0.140775,-0.0824365,0.746633,0.189008,0.766108,0.599313,0.134825,0.102675,0.502163,0.401049,0.759243,-0.134901,0.494402,0.23676,0.825417,-0.0549664,0.434249,0.375331,0.817027,0.25705,-0.559548,0.729764,-0.297113,-0.0265946,0.868774,-0.0485994,-0.492099,-0.0877361,-0.489756,0.0666766,0.864868,0,0,0,0,0.0840622,0.69371,0.715205,0.0134429,-0.0708121,0.48636,0.010467,0.870821,0.0693085,0.571419,0.0481458,0.816308,0,0,0,0,0.321589,0.0323737,0.943428,-0.0740007,0,0,0,0,0,0,0,0,0,0,0,0,0,0,0,0,
0.260117,0.0430621,0.963086,-0.0543149,0.285197,0.0416279,0.955959,-0.0554217,0.307529,0.0229901,0.9467,-0.0930419,0,0,0,0,-0.236794,0.649713,-0.639818,0.335313,-0.332768,0.935063,0.112341,-0.0479714,-0.538728,-0.053481,-0.283934,0.791387,-0.596963,-0.0844218,-0.262654,0.75334,0.186533,0.761736,0.60712,0.127943,0.184141,0.553834,0.450363,0.675672,-0.00466743,0.968749,0.208425,0.134398,0.22266,0.0601577,0.803466,-0.548859,0.255148,-0.561067,0.730752,-0.293438,-0.0265134,0.866496,-0.0473873,-0.496221,0.103223,0.867077,-0.0141353,-0.487158,0,0,0,0,0.0806299,0.694007,0.715349,0.0114101,-0.0709825,0.490596,0.011075,0.868421,0.0708796,0.563469,0.048657,0.821651,0,0,0,0,0.309403,0.0308712,0.947649,-0.0726572,0,0,0,0,0,0,0,0,0,0,0,0,0,0,0,0,
0.257919,0.0418045,0.963725,-0.0544549,0.282821,0.0403784,0.956713,-0.0555206,0.304983,0.020676,0.947613,-0.0926736,0,0,0,0,-0.236906,0.652293,-0.637555,0.334534,-0.332371,0.936377,0.0977047,-0.0564103,-0.595662,0.227005,-0.0905276,0.765154,-0.629742,0.215707,-0.0894497,0.740874,0.184397,0.757659,0.613949,0.122543,0.172907,0.54328,0.454534,0.68436,-0.200935,0.294569,0.102142,0.928666,0.744655,-0.582981,0.042606,-0.32219,0.255973,-0.559355,0.732112,-0.292595,-0.0253887,0.865365,-0.0472321,-0.498265,-0.0910699,-0.545002,0.0608876,0.831247,0,0,0,0,0.0776291,0.696725,0.713073,0.00870752,-0.0703849,0.492842,0.0115865,0.86719,0.0701559,0.551678,0.0494741,0.829628,0,0,0,0,0.306838,0.0288306,0.948577,-0.0722524,0,0,0,0,0,0,0,0,0,0,0,0,0,0,0,0,
0.254591,0.0398865,0.964721,-0.0539049,0.281008,0.03839,0.95736,-0.0549807,0.304808,0.0192753,0.947685,-0.0928141,0,0,0,0,0.228502,-0.637531,0.646614,-0.351044,-0.325961,0.939333,0.0650971,-0.0846444,-0.583302,0.233917,-0.113983,0.769447,-0.639008,0.200657,-0.0875417,0.737388,0.182115,0.753466,0.620901,0.116645,0.169986,0.551913,0.466691,0.669848,-0.0325523,0.93951,0.22506,0.256142,-0.657979,0.719725,0.204618,0.0847992,0.254762,-0.560628,0.732577,-0.290041,-0.0255218,0.863631,-0.046546,-0.501321,0.108121,0.865406,-0.0100799,-0.489163,0,0,0,0,0.0751512,0.696707,0.713376,0.00682041,-0.0707543,0.496054,0.0129371,0.865307,0.0685433,0.551302,0.0479878,0.830099,0,0,0,0,0.306604,0.0269382,0.948712,-0.072205,0,0,0,0,0,0,0,0,0,0,0,0,0,0,0,0,
0.250299,0.0385799,0.965914,-0.05359,0.272955,0.0373084,0.959758,-0.0544828,0.292913,0.0194801,0.951446,-0.0925925,0,0,0,0,-0.225692,0.658683,-0.640366,0.324239,-0.33258,0.937461,0.0547785,-0.0869306,-0.590205,0.269539,-0.0884284,0.755769,-0.610459,0.277128,-0.112297,0.733436,0.180215,0.75132,0.624972,0.111581,0.163933,0.562022,0.477988,0.654816,-0.208664,0.319619,0.0990415,0.918963,0.758934,-0.615836,0.111254,-0.179966,0.252839,-0.562373,0.732793,-0.287792,-0.0258578,0.86139,-0.0459869,-0.505197,-0.0853706,-0.438049,0.0686315,0.892252,0,0,0,0,0.0711996,0.696429,0.714077,0.00345748,-0.0706997,0.500075,0.0131014,0.862992,0.0732669,0.554186,0.0509852,0.827593,0,0,0,0,0.294654,0.0266718,0.952526,-0.0718501,0,0,0,0,0,0,0,0,0,0,0,0,0,0,0,0,
0.245837,0.037815,0.967087,-0.0536292,0.271348,0.0363822,0.960242,-0.0546114,0.294285,0.0179723,0.951072,-0.0923914,0,0,0,0,-0.233137,0.651088,-0.644104,0.326897,-0.319353,0.940321,0.0247279,-0.114885,-0.588899,0.29353,-0.0866306,0.748019,-0.596632,0.322936,-0.140052,0.721199,0.178675,0.747946,0.630119,0.107712,0.153547,0.559049,0.490202,0.650837,-0.224367,0.362239,0.0896728,0.900223,0.736887,-0.591716,0.230167,-0.232149,0.251865,-0.561493,0.734579,-0.285803,-0.0270316,0.859039,-0.0456695,-0.509152,-0.0800996,-0.487099,0.0633479,0.867356,0,0,0,0,0.0666328,0.69662,0.714338,-0.000731622,-0.0703445,0.504181,0.0139439,0.860615,0.0700775,0.505807,0.0546794,0.858055,0,0,0,0,0.296016,0.0253283,0.952157,-0.0716249,0,0,0,0,0,0,0,0,0,0,0,0,0,0,0,0,
0.24381,0.0364161,0.967665,-0.0534256,0.271171,0.0348854,0.960357,-0.0544375,0.296052,0.0154901,0.95062,-0.0918457,0,0,0,0,0.22528,-0.638764,0.650791,-0.343076,-0.303665,0.935739,0.0126908,-0.178941,-0.523941,0.325235,-0.174013,0.767742,-0.661382,0.233326,-0.0538622,0.710797,0.179052,0.741474,0.638261,0.103825,0.13576,0.561995,0.494673,0.648867,-0.227431,0.529731,0.110648,0.809579,-0.522814,0.475881,-0.36698,0.604589,0.252364,-0.561612,0.734548,-0.285207,-0.0268463,0.857946,-0.045842,-0.510985,0.0968027,0.861644,-0.0162827,-0.49793,0,0,0,0,0.0634831,0.696389,0.714842,-0.00347894,-0.0699922,0.506225,0.0143879,0.859436,0.071845,0.545664,0.0510986,0.833353,0,0,0,0,0.297757,0.0230802,0.951711,-0.0710978,0,0,0,0,0,0,0,0,0,0,0,0,0,0,0,0,
0.240667,0.0349426,0.968538,-0.0528478,0.257492,0.0340173,0.964201,-0.0534481,0.271569,0.0165585,0.957941,-0.0912391,0,0,0,0,-0.200464,0.663808,-0.655648,0.298829,-0.306843,0.933979,0.0295986,-0.180704,-0.519551,0.263627,-0.215096,0.783774,-0.613024,0.204959,-0.16315,0.74537,0.178613,0.737999,0.643025,0.099872,0.12028,0.57492,0.507944,0.630074,-0.255001,0.487214,0.0557745,0.833358,-0.457996,0.410395,-0.50423,0.606273,0.251105,-0.562986,0.734797,-0.282959,-0.0269021,0.856264,-0.045571,-0.51382,0.0945113,0.851467,-0.0175758,-0.515521,0,0,0,0,0.0610304,0.695756,0.715661,-0.00529753,-0.0699773,0.509213,0.0142964,0.857672,0.0725124,0.546635,0.0514522,0.832637,0,0,0,0,0.273182,0.0233272,0.959112,-0.0702181,0,0,0,0,0,0,0,0,0,0,0,0,0,0,0,0,
0.234345,0.0336974,0.970163,-0.0522469,0.24998,0.0328494,0.966253,-0.0527842,0.262916,0.0165186,0.960373,-0.091026,0,0,0,0,-0.189423,0.667291,-0.659929,0.28868,-0.303282,0.933496,0.0175774,-0.190514,-0.529721,0.282502,-0.203882,0.773318,-0.593381,0.245798,-0.18207,0.744535,0.177653,0.734726,0.647568,0.0962997,0.0879293,0.59265,0.51,0.617199,-0.275866,0.481723,0.0212564,0.831498,-0.418856,0.446554,-0.447655,0.651732,0.247565,-0.565187,0.735832,-0.278974,-0.0267529,0.852911,-0.0443318,-0.519482,-0.0796213,-0.487312,0.061924,0.867383,0,0,0,0,0.0561778,0.694835,0.716913,-0.00920995,-0.0696213,0.514973,0.015229,0.854239,0.0723949,0.535351,0.0527694,0.839865,0,0,0,0,0.26447,0.0228106,0.961588,-0.0698846,0,0,0,0,0,0,0,0,0,0,0,0,0,0,0,0,
0.226806,0.0324557,0.971984,-0.0524741,0.246367,0.0313906,0.967211,-0.0531181,0.263377,0.0156089,0.960216,-0.0915129,0,0,0,0,-0.194524,0.663627,-0.660647,0.292071,-0.295933,0.931589,-0.0446672,-0.206328,-0.548805,0.307142,-0.178017,0.756826,-0.562341,0.312381,-0.200384,0.738943,0.175543,0.732072,0.651836,0.0914605,0.0669905,0.60322,0.515859,0.604588,-0.284213,0.343143,-0.0689827,0.89259,-0.33644,0.353834,-0.50615,0.71093,0.244583,-0.566806,0.73656,-0.276386,-0.0287176,0.848846,-0.0430911,-0.526097,-0.07878,-0.477697,0.0604118,0.872897,0,0,0,0,0.0493465,0.695015,0.717126,-0.0158228,-0.0717307,0.521457,0.0150568,0.850124,0.0726894,0.538244,0.052515,0.838005,0,0,0,0,0.264909,0.0218094,0.961453,-0.0703985,0,0,0,0,0,0,0,0,0,0,0,0,0,0,0,0,
0.216167,0.0313151,0.974413,-0.0530119,0.240965,0.0299519,0.968579,-0.0537939,0.263243,0.0127153,0.960159,-0.0929271,0,0,0,0,0.190105,-0.655718,0.665966,-0.300639,-0.293089,0.928377,-0.0572251,-0.221225,-0.467555,0.288521,-0.243809,0.79919,-0.622457,0.216984,-0.210853,0.721808,0.175718,0.726882,0.658164,0.0870997,0.0425464,0.621575,0.519251,0.58499,-0.291119,0.407443,-0.0698021,0.862767,-0.36391,0.397372,-0.488961,0.68599,0.237633,-0.57032,0.738007,-0.271315,-0.0319127,0.843009,-0.0418188,-0.535321,-0.0659006,-0.441417,0.0623924,0.892701,0,0,0,0,0.0434751,0.693987,0.71833,-0.0222323,-0.0740215,0.530527,0.0147417,0.844301,0.0741916,0.538639,0.0533186,0.837568,0,0,0,0,0.264819,0.0194525,0.961461,-0.0713064,0,0,0,0,0,0,0,0,0,0,0,0,0,0,0,0,
0.207186,0.0292928,0.976325,-0.0548109,0.231913,0.0278914,0.970749,-0.0555371,0.254134,0.0105546,0.962513,-0.0941938,0,0,0,0,0.18088,-0.656796,0.672241,-0.289819,-0.282661,0.92619,-0.0785479,-0.236867,-0.484007,0.302695,-0.233878,0.787029,-0.579321,0.26752,-0.257758,0.725521,0.174884,0.722044,0.664374,0.0817004,0.00756573,0.64514,0.522209,0.557705,-0.297872,0.426692,-0.0628587,0.851619,-0.343901,0.435339,-0.473024,0.684442,0.232503,-0.574127,0.737392,-0.269395,-0.0357785,0.837965,-0.0405016,-0.543042,-0.0734775,-0.435961,0.0632036,0.894732,0,0,0,0,0.0356373,0.691189,0.721086,-0.0319879,-0.0744155,0.538476,0.0144208,0.839225,0.0750049,0.539524,0.0531101,0.836939,0,0,0,0,0.255738,0.0177615,0.963886,-0.0721527,0,0,0,0,0,0,0,0,0,0,0,0,0,0,0,0,
0.195834,0.0280821,0.978667,-0.0554196,0.21668,0.0268927,0.974264,-0.0560065,0.235024,0.00959853,0.967312,-0.0947612,0,0,0,0,0.17251,-0.658648,0.676142,-0.281521,-0.268484,0.923261,-0.101526,-0.255338,-0.49017,0.329569,-0.223221,0.775429,-0.558674,0.314042,-0.272831,0.717513,0.162677,0.701279,0.69203,0.0532733,-0.0107341,0.652324,0.506358,0.563879,-0.309623,0.485947,-0.0581864,0.815233,-0.371001,0.480763,-0.449795,0.654912,0.225067,-0.577743,0.738841,-0.263955,-0.0378839,0.831562,-0.038531,-0.552797,-0.068105,-0.502515,0.0576835,0.859949,0,0,0,0,0.0288102,0.687522,0.72453,-0.0392477,-0.0734872,0.548404,0.0144375,0.832853,0.0758005,0.539532,0.0530066,0.836869,0,0,0,0,0.236587,0.0167312,0.968771,-0.0723107,0,0,0,0,0,0,0,0,0,0,0,0,0,0,0,0,
0.189423,0.0260208,0.979969,-0.0557042,0.20708,0.0250111,0.97639,-0.0561648,0.222025,0.00448045,0.970248,-0.0964587,0,0,0,0,0.166685,-0.658623,0.680021,-0.275688,-0.250007,0.914437,-0.142894,-0.284399,-0.46785,0.357168,-0.232471,0.774277,-0.581026,0.316687,-0.280446,0.695319,0.150151,0.691414,0.705536,0.0402587,-0.0496015,0.665291,0.499149,0.552972,-0.320716,0.450418,-0.109434,0.826008,-0.333925,0.475192,-0.44612,0.680928,0.222418,-0.580836,0.737894,-0.262055,-0.0370326,0.827887,-0.0396562,-0.558264,-0.0688332,-0.528671,0.0518992,0.844438,0,0,0,0,0.023715,0.68241,0.729225,-0.0445506,-0.0720095,0.554278,0.0143532,0.829087,0.0763128,0.539738,0.0527949,0.836703,0,0,0,0,0.223555,0.0121087,0.971843,-0.0734658,0,0,0,0,0,0,0,0,0,0,0,0,0,0,0,0,
0.177491,0.0246877,0.982228,-0.0558193,0.17314,0.0249347,0.983004,-0.0557095,0.166157,0.00930989,0.981282,-0.0969042,0,0,0,0,0.0924521,-0.688958,0.690472,-0.200093,-0.260044,0.917773,-0.0973728,-0.283882,-0.444683,0.375149,-0.24194,0.776522,-0.59506,0.315852,-0.292009,0.678875,0.144735,0.686137,0.712216,0.031877,-0.0830113,0.672938,0.488216,0.549462,-0.333011,0.43733,-0.136738,0.824105,-0.31891,0.483626,-0.450008,0.679629,0.212444,-0.588246,0.737312,-0.255352,-0.0379927,0.821009,-0.037893,-0.568388,0.0767235,0.801363,-0.0240808,-0.592749,0,0,0,0,0.0177047,0.678845,0.732335,-0.0504166,-0.0707883,0.564568,0.0153355,0.822202,0.0719008,0.52301,0.0535508,0.847599,0,0,0,0,0.167436,0.0147862,0.983017,-0.0736469,0,0,0,0,0,0,0,0,0,0,0,0,0,0,0,0,
0.164696,0.0227793,0.984507,-0.055703,0.161447,0.0229629,0.985045,-0.0556275,0.155625,0.00608901,0.983021,-0.0970259,0,0,0,0,0.0906801,-0.689064,0.691182,-0.198082,-0.210234,0.895438,-0.128216,-0.370882,-0.477906,0.404993,-0.261465,0.734318,-0.558517,0.370613,-0.295802,0.680593,0.132645,0.679742,0.721149,0.0173507,-0.115112,0.696974,0.485732,0.514821,-0.327345,0.449457,-0.165264,0.814568,-0.318948,0.485169,-0.419627,0.697708,0.207309,-0.593533,0.735814,-0.251633,-0.0385607,0.813493,-0.0369586,-0.579117,0.0758964,0.79593,-0.0252211,-0.600082,0,0,0,0,0.00595974,0.672728,0.737378,-0.0606232,-0.0665557,0.575876,0.0173183,0.814639,0.0724828,0.529102,0.053221,0.84378,0,0,0,0,0.156759,0.0112201,0.984792,-0.0740611,0,0,0,0,0,0,0,0,0,0,0,0,0,0,0,0,
0.143295,0.0213758,0.987906,-0.0552396,0.144351,0.0213167,0.987752,-0.0552624,0.142972,0.00433327,0.984975,-0.0967733,0,0,0,0,-0.0850891,0.692108,-0.691459,0.188761,-0.208777,0.885741,-0.139447,-0.390424,-0.453451,0.421511,-0.278314,0.734338,-0.564404,0.365881,-0.286246,0.68238,0.122595,0.673183,0.729222,0.00548961,-0.139927,0.713974,0.483463,0.486749,-0.333076,0.491062,-0.158022,0.78927,-0.355337,0.503165,-0.41097,0.67206,0.200437,-0.600652,0.733549,-0.246879,-0.0400548,0.800649,-0.0368058,-0.59666,0.0729842,0.789459,-0.022851,-0.60902,0,0,0,0,-0.0153201,0.664386,0.743164,-0.0778668,-0.0583348,0.594366,0.0204623,0.801815,0.0735964,0.537874,0.0530688,0.838129,0,0,0,0,0.144016,0.00937668,0.98675,-0.0741403,0,0,0,0,0,0,0,0,0,0,0,0,0,0,0,0,
0.113784,0.0171417,0.991983,-0.0522488,0.120117,0.0168076,0.991236,-0.0523572,0.12428,0.000319697,0.987729,-0.09458,0,0,0,0,-0.0719644,0.698831,-0.689994,0.174253,-0.214213,0.883916,-0.135979,-0.392828,-0.412524,0.448731,-0.28123,0.741198,-0.593851,0.36496,-0.297555,0.652385,0.108756,0.669077,0.735162,-0.00670926,-0.158276,0.733664,0.48554,0.44826,-0.336248,0.526254,-0.126997,0.770627,-0.381204,0.518671,-0.451393,0.617987,0.19052,-0.609711,0.732679,-0.234809,-0.0404446,0.782345,-0.0374895,-0.620399,0.0677109,0.77983,-0.0246039,-0.621832,0,0,0,0,-0.0411557,0.654868,0.748434,-0.0964439,-0.0425246,0.61973,0.0226114,0.783336,0.0744543,0.543063,0.0532613,0.834687,0,0,0,0,0.125306,0.00669857,0.989403,-0.073039,0,0,0,0,0,0,0,0,0,0,0,0,0,0,0,0,
0.0981933,0.0137912,0.993804,-0.0502224,0.102071,0.0135951,0.993413,-0.0502758,0.103989,-0.00242105,0.990269,-0.0924508,0,0,0,0,-0.0613926,0.704923,-0.687916,0.161511,-0.200053,0.87429,-0.162976,-0.411138,-0.381284,0.488125,-0.279342,0.733706,-0.603655,0.387094,-0.331809,0.612912,0.0903603,0.66445,0.74148,-0.0234226,-0.19592,0.731048,0.481761,0.441691,-0.353945,0.51711,-0.161188,0.762456,-0.340727,0.549332,-0.43166,0.629133,0.182841,-0.616277,0.732039,-0.225589,-0.0405589,0.772386,-0.0381335,-0.632709,0.0649561,0.769272,-0.0253473,-0.635105,0,0,0,0,-0.0529994,0.650045,0.750793,-0.104608,-0.0353313,0.632675,0.0237933,0.773245,0.0754698,0.541711,0.0541006,0.83542,0,0,0,0,0.104914,0.00426468,0.991875,-0.0718317,0,0,0,0,0,0,0,0,0,0,0,0,0,0,0,0,
0.0873154,0.0116116,0.994869,-0.0497596,0.0875142,0.0116016,0.994852,-0.0497619,0.0858999,-0.00485861,0.992121,-0.0910725,0,0,0,0,-0.0516968,0.710259,-0.685895,0.14969,-0.201692,0.874642,-0.164206,-0.409095,-0.385477,0.498294,-0.273461,0.726862,-0.596125,0.404754,-0.311418,0.619538,0.0743872,0.65688,0.74933,-0.0384787,-0.235573,0.740984,0.467957,0.420077,-0.366476,0.567551,-0.187223,0.713112,-0.357965,0.589581,-0.355974,0.630507,0.176777,-0.621024,0.731258,-0.219865,-0.0416762,0.765306,-0.0370529,-0.641246,0.0634644,0.759382,-0.026483,-0.647001,0,0,0,0,-0.0606044,0.646226,0.752627,-0.11078,-0.0328994,0.641361,0.0245377,0.76614,0.0771689,0.547321,0.0544108,0.831579,0,0,0,0,0.086632,0.00101544,0.993718,-0.0708448,0,0,0,0,0,0,0,0,0,0,0,0,0,0,0,0,
0.0740625,0.0102165,0.995958,-0.0497809,0.0706669,0.0103861,0.996205,-0.0497458,0.0656599,-0.00478342,0.99369,-0.0908042,0,0,0,0,-0.0371272,0.718072,-0.681831,0.134539,-0.173979,0.855246,-0.208592,-0.441333,-0.42266,0.532168,-0.263711,0.684553,-0.560372,0.466301,-0.31206,0.609234,0.0589107,0.655227,0.751332,-0.0520231,-0.249867,0.761464,0.464221,0.377145,-0.360426,0.578896,-0.171297,0.711077,-0.394133,0.602666,-0.415971,0.555356,0.167792,-0.62653,0.73079,-0.212726,-0.0430606,0.756601,-0.0349013,-0.651524,0.062087,0.748424,-0.0280359,-0.659712,0,0,0,0,-0.0682435,0.643322,0.753444,-0.117478,-0.030705,0.651693,0.0259773,0.757416,0.079161,0.541579,0.0554283,0.835077,0,0,0,0,0.0661994,-0.000273171,0.995309,-0.0705575,0,0,0,0,0,0,0,0,0,0,0,0,0,0,0,0,
0.061232,0.0082799,0.996876,-0.0492033,0.0536632,0.00865315,0.997312,-0.049139,0.0447926,-0.00449569,0.995047,-0.0886257,0,0,0,0,-0.0230625,0.723032,-0.680433,0.117061,-0.176438,0.85584,-0.197693,-0.444212,-0.38225,0.545803,-0.270654,0.694788,-0.574991,0.458405,-0.319982,0.597379,0.0422796,0.65502,0.751741,-0.0636121,-0.283584,0.762882,0.457784,0.357805,-0.369385,0.607111,-0.199985,0.67452,-0.401689,0.618008,-0.390555,0.551525,0.158385,-0.631325,0.731315,-0.203767,-0.0439249,0.748047,-0.0316254,-0.661435,0.0603809,0.736855,-0.0295782,-0.672699,0,0,0,0,-0.0759104,0.640995,0.753689,-0.123757,-0.0297028,0.661536,0.0281732,0.748795,0.0818526,0.5474,0.0553633,0.831016,0,0,0,0,0.0451098,-0.0015777,0.996636,-0.0684058,0,0,0,0,0,0,0,0,0,0,0,0,0,0,0,0,
0.0384429,0.00520592,0.998064,-0.0486245,0.0374196,0.00525577,0.998102,-0.0486192,0.0355036,-0.00545942,0.995458,-0.0881623,0,0,0,0,-0.0266189,0.724934,-0.67817,0.117675,-0.160796,0.841116,-0.212247,-0.470764,-0.397233,0.581055,-0.266097,0.658615,-0.552123,0.507563,-0.314958,0.581672,0.0265784,0.653999,0.751924,-0.0786663,-0.301834,0.77407,0.456361,0.318507,-0.382721,0.651476,-0.165653,0.633768,-0.422471,0.654093,-0.413459,0.471946,0.137447,-0.63879,0.734219,-0.184332,-0.0467378,0.732472,-0.0244804,-0.67875,0.0550235,0.730935,-0.0315341,-0.679494,0,0,0,0,-0.0857993,0.638743,0.753029,-0.132637,-0.0291277,0.678623,0.0315434,0.733231,0.0867109,0.516654,0.05792,0.849821,0,0,0,0,0.0356318,-0.0039183,0.997069,-0.0675944,0,0,0,0,0,0,0,0,0,0,0,0,0,0,0,0,
0.0264293,0.00179869,0.998467,-0.0485974,0.018156,0.00220126,0.998652,-0.0485808,0.00918126,-0.00795479,0.996134,-0.0870006,0,0,0,0,0.000143795,0.730718,-0.676744,0.0898259,-0.154658,0.837115,-0.201779,-0.48436,-0.374631,0.631454,-0.253184,0.629933,0.559909,-0.560471,0.348957,-0.500602,0.0138609,0.653203,0.752111,-0.0863918,-0.346488,0.783202,0.469858,0.21395,-0.353821,0.740136,-0.203342,0.534473,-0.410189,0.687646,-0.40007,0.445905,0.13304,-0.641222,0.734204,-0.17911,-0.0471425,0.724056,-0.0225375,-0.687759,0.0525989,0.715691,-0.0341233,-0.695597,0,0,0,0,-0.0959221,0.634914,0.753352,-0.141929,-0.0278906,0.687567,0.0331448,0.724827,0.0885066,0.520342,0.0593739,0.847281,0,0,0,0,0.00914385,-0.00696304,0.997717,-0.0665408,0,0,0,0,0,0,0,0,0,0,0,0,0,0,0,0,
0.00932517,-2.96081e-005,0.998782,-0.0484435,0.000245384,0.000410767,0.998826,-0.0484418,-0.00924822,-0.00674868,0.996149,-0.0869251,0,0,0,0,0.00728065,0.732497,-0.675915,0.0808414,-0.1295,0.810781,-0.217609,-0.52774,-0.399892,0.67547,-0.249673,0.567,0.551918,-0.58657,0.311499,-0.504272,-0.00503185,0.649275,0.753327,-0.104474,-0.354922,0.784312,0.46686,0.202305,-0.353128,0.749324,-0.207363,0.520399,-0.406732,0.672266,-0.46268,0.410556,0.120554,-0.644586,0.736158,-0.167471,-0.0492069,0.711942,-0.0179075,-0.700283,-0.0487486,-0.704616,0.0378398,0.706901,0,0,0,0,-0.106366,0.631747,0.752855,-0.150966,-0.0259394,0.700006,0.0362505,0.712744,0.0894264,0.520581,0.0600917,0.846987,0,0,0,0,-0.00940978,-0.00678386,0.997735,-0.0662621,0,0,0,0,0,0,0,0,0,0,0,0,0,0,0,0,
-0.00397582,-0.00181171,0.998816,-0.0484581,-0.0192681,-0.00106956,0.998638,-0.0484801,-0.0347493,-0.00540708,0.995594,-0.0869262,0,0,0,0,0.0272771,0.73295,-0.67706,0.060253,-0.128653,0.803393,-0.206587,-0.543443,-0.398031,0.703855,-0.244901,0.534961,0.541275,-0.619725,0.30975,-0.476463,-0.0225692,0.645765,0.753822,-0.119293,-0.397076,0.778007,0.445681,0.195968,-0.345687,0.792822,-0.27701,0.418567,-0.328724,0.753359,-0.454166,0.343692,0.113395,-0.646739,0.73694,-0.160592,0.0502954,-0.702378,0.0149167,0.709868,-0.0484166,-0.689881,0.0382051,0.721291,0,0,0,0,-0.116992,0.627701,0.752789,-0.160041,-0.0248588,0.709511,0.0392762,0.703159,0.0915514,0.522665,0.0610973,0.845403,0,0,0,0,-0.0350221,-0.00624232,0.997177,-0.0661199,0,0,0,0,0,0,0,0,0,0,0,0,0,0,0,0,
-0.0220078,-0.00349717,0.99856,-0.0487937,-0.0358698,-0.00281938,0.998158,-0.0488376,-0.0496895,-0.00539766,0.99493,-0.0872715,0,0,0,0,0.0386868,0.734875,-0.675359,0.0484957,-0.110144,0.785112,-0.215586,-0.570079,-0.387542,0.725582,-0.251019,0.510227,0.566831,-0.6141,0.283176,-0.470527,-0.0329405,0.64533,0.752296,-0.128509,-0.415417,0.753455,0.428816,0.27541,-0.379519,0.753474,-0.336734,0.418153,-0.33406,0.758436,-0.418307,0.371749,0.101753,-0.649147,0.73871,-0.15021,0.0524598,-0.689199,0.0106103,0.722593,-0.050454,-0.681255,0.0357989,0.729427,0,0,0,0,-0.129056,0.624281,0.751249,-0.171004,-0.024291,0.722137,0.0423882,0.690023,0.0927096,0.526488,0.0619636,0.842838,0,0,0,0,-0.0500533,-0.00677953,0.996517,-0.0663547,0,0,0,0,0,0,0,0,0,0,0,0,0,0,0,0,
-0.0377287,-0.00430636,0.998074,-0.0490532,-0.0501141,-0.00369717,0.997529,-0.0491029,-0.0623594,-0.00584662,0.994198,-0.0874527,0,0,0,0,0.039844,0.734765,-0.675563,0.0463392,-0.0909581,0.767406,-0.226513,-0.59288,-0.376742,0.722972,-0.2694,0.512641,0.545886,-0.618925,0.305916,-0.474716,-0.0491032,0.641222,0.751869,-0.145311,-0.450426,0.786017,0.405543,0.12177,-0.332851,0.798657,-0.306362,0.396861,-0.354959,0.738035,-0.475616,0.321088,0.0936744,-0.650903,0.739628,-0.143179,0.0545274,-0.677555,0.00808194,0.733403,-0.0509316,-0.673392,0.0377178,0.736564,0,0,0,0,-0.140275,0.621497,0.749222,-0.18092,-0.0215854,0.732998,0.0450133,0.678396,0.0929427,0.534464,0.0621517,0.837763,0,0,0,0,-0.0627839,-0.00746026,0.995781,-0.0664975,0,0,0,0,0,0,0,0,0,0,0,0,0,0,0,0,
-0.055629,-0.00577266,0.997213,-0.0493853,-0.0736319,-0.00487971,0.996045,-0.0494816,-0.0914576,-0.00791686,0.991884,-0.0879748,0,0,0,0,0.0699604,0.735211,-0.674002,0.0171067,-0.0836843,0.759569,-0.217649,-0.607191,-0.382626,0.758002,-0.252438,0.46401,-0.553256,0.654485,-0.289208,0.426516,-0.0624551,0.639973,0.749979,-0.15513,-0.466868,0.780273,0.396227,0.127331,-0.351246,0.804303,-0.312029,0.363814,-0.37431,0.746635,-0.46739,0.289784,0.0836867,-0.653873,0.739827,-0.134546,0.0575062,-0.663981,0.00527199,0.745516,-0.0494338,-0.655372,0.0400913,0.75262,0,0,0,0,-0.151286,0.617801,0.74767,-0.19085,-0.017733,0.745144,0.0477987,0.664952,0.0940764,0.534501,0.0636076,0.837503,0,0,0,0,-0.0919755,-0.00942775,0.993458,-0.0670265,0,0,0,0,0,0,0,0,0,0,0,0,0,0,0,0,
-0.0656406,-0.00863408,0.996547,-0.0500997,-0.0891792,-0.00744738,0.994717,-0.0502898,-0.112254,-0.00672943,0.989712,-0.0884576,0,0,0,0,0.085222,0.735588,-0.672045,0.00154097,-0.0683884,0.742246,-0.215166,-0.63095,0.268461,-0.468693,-0.35125,0.764774,-0.295378,0.434722,0.588479,-0.614379,-0.0775576,0.637009,0.748111,-0.16892,-0.489513,0.774794,0.395675,0.0592764,-0.331314,0.81632,-0.31144,0.356171,-0.387312,0.73881,-0.474372,0.281282,0.0775584,-0.656165,0.739425,-0.129164,0.0571075,-0.656261,0.00355967,0.752362,-0.0589286,-0.642853,0.0368845,0.762828,0,0,0,0,-0.157731,0.614813,0.746922,-0.198076,-0.0172742,0.751783,0.0505679,0.657242,0.0956334,0.535357,0.0647753,0.83669,0,0,0,0,-0.112911,-0.00935381,0.991263,-0.0675359,0,0,0,0,0,0,0,0,0,0,0,0,0,0,0,0,
-0.08728,-0.00843811,0.994867,-0.0505026,-0.11082,-0.00723953,0.992521,-0.0506883,-0.133747,-0.00453133,0.987012,-0.0888751,0,0,0,0,0.0981585,0.734748,-0.671094,-0.0119857,-0.0583821,0.733258,-0.219438,-0.640914,0.253842,-0.423656,-0.354728,0.793882,0.297196,-0.382564,-0.577381,0.65723,-0.095812,0.632754,0.745565,-0.185945,-0.513609,0.769548,0.369943,0.084524,-0.351509,0.812,-0.341298,0.317195,-0.373423,0.762019,-0.460976,0.259582,0.0569165,-0.660558,0.740121,-0.112448,0.0609607,-0.639571,-0.00237597,0.766307,-0.0540948,-0.628709,0.0431044,0.774559,0,0,0,0,-0.167871,0.610935,0.745615,-0.206482,-0.0153591,0.765906,0.0534729,0.640541,0.0977988,0.552459,0.0640337,0.825303,0,0,0,0,-0.134469,-0.00776138,0.988552,-0.0679886,0,0,0,0,0,0,0,0,0,0,0,0,0,0,0,0,
-0.105097,-0.00907216,0.993066,-0.0518869,-0.126261,-0.00796301,0.990598,-0.0520686,-0.146621,-0.00362076,0.985025,-0.0906352,0,0,0,0,0.104219,0.736045,-0.668634,-0.0174669,-0.0347416,0.719359,-0.233779,-0.653194,0.266987,-0.434947,-0.353974,0.783735,0.311294,-0.400588,-0.541265,0.670565,-0.10815,0.628058,0.744265,-0.199789,-0.531317,0.768802,0.344957,0.0874664,-0.335028,0.786357,-0.384965,0.34814,-0.311874,0.75235,-0.50509,0.285638,0.0460346,-0.662205,0.740575,-0.104468,0.0614081,-0.625763,-0.00504402,0.777576,-0.0494238,-0.62026,0.0442865,0.781584,0,0,0,0,-0.180906,0.605377,0.743683,-0.218466,-0.0131571,0.777254,0.0581591,0.626355,0.099216,0.552869,0.0653644,0.824754,0,0,0,0,-0.147419,-0.0073299,0.986599,-0.0695468,0,0,0,0,0,0,0,0,0,0,0,0,0,0,0,0,
-0.120109,-0.00888545,0.991321,-0.0527029,-0.14214,-0.00771042,0.988403,-0.0528876,-0.163248,-0.00177211,0.98233,-0.0915179,0,0,0,0,0.114638,0.736098,-0.666499,-0.0282361,-0.0172361,0.711041,-0.243413,-0.65945,0.268278,-0.438386,-0.339226,0.78789,0.341572,-0.383514,-0.546826,0.661231,-0.12148,0.626535,0.739789,-0.21309,-0.548044,0.768775,0.326922,0.0418846,-0.331863,0.777427,-0.38483,0.370647,-0.264374,0.735263,-0.555316,0.284813,0.0343962,-0.664574,0.740277,-0.0956518,0.0624762,-0.61401,-0.00854215,0.786776,-0.0491335,-0.609955,0.0441828,0.789676,0,0,0,0,-0.190201,0.601049,0.742528,-0.226311,-0.0126368,0.786639,0.0607509,0.614287,0.101252,0.552982,0.0669173,0.824306,0,0,0,0,-0.164106,-0.00599482,0.983909,-0.0704031,0,0,0,0,0,0,0,0,0,0,0,0,0,0,0,0,
-0.138572,-0.00943846,0.988829,-0.0540905,-0.154582,-0.00856047,0.986453,-0.0542364,-0.16942,-0.00219047,0.981111,-0.0933469,0,0,0,0,0.127989,0.736577,-0.662944,-0.0397194,-0.00359858,0.701499,-0.24817,-0.668055,0.249601,-0.381687,-0.356457,0.815446,0.311166,-0.342622,-0.529664,0.710804,-0.117594,0.630193,0.738277,-0.209701,-0.570774,0.773981,0.261381,-0.082761,-0.34783,0.826859,-0.353967,0.264623,-0.263854,0.718747,-0.625697,0.149287,0.0183105,-0.666156,0.740919,-0.0833079,0.0635554,-0.599301,-0.0129645,0.797891,-0.0470318,-0.605306,0.0444158,0.79336,0,0,0,0,-0.199508,0.596923,0.740566,-0.235462,-0.0101766,0.797952,0.0634875,0.599281,0.10308,0.535554,0.0699214,0.835265,0,0,0,0,-0.170343,-0.00663045,0.982722,-0.0720837,0,0,0,0,0,0,0,0,0,0,0,0,0,0,0,0,
-0.150339,-0.010714,0.987033,-0.0552291,-0.164683,-0.00990928,0.984741,-0.0553791,-0.177698,-0.00310524,0.979555,-0.0942626,0,0,0,0,0.141196,0.735939,-0.660142,-0.0516622,0.00963583,0.694217,-0.252732,-0.673867,0.24612,-0.375003,-0.337848,0.82744,0.356953,-0.311247,-0.507026,0.720163,-0.116592,0.632933,0.736352,-0.208776,-0.579506,0.753625,0.294474,-0.0975027,-0.406038,0.769245,-0.329391,0.367284,-0.186407,0.746872,-0.583567,0.258622,0.0107834,-0.668421,0.739618,-0.0778589,0.0631012,-0.58977,-0.0143058,0.804976,-0.0447665,-0.599184,0.0467421,0.797991,0,0,0,0,-0.206681,0.592939,0.739466,-0.242687,-0.010453,0.805004,0.0652062,0.589583,0.105287,0.543295,0.0714326,0.829845,0,0,0,0,-0.178683,-0.00774383,0.981155,-0.0731236,0,0,0,0,0,0,0,0,0,0,0,0,0,0,0,0,
-0.15858,-0.0117931,0.985665,-0.0563766,-0.177696,-0.0106957,0.982398,-0.056595,-0.195416,-0.00254727,0.976073,-0.0953252,0,0,0,0,0.14774,0.737723,-0.656063,-0.0593147,0.0204197,0.685022,-0.256697,-0.681494,0.250189,-0.369554,-0.337781,0.828697,0.394082,-0.303666,-0.409526,0.764705,-0.135273,0.624306,0.734855,-0.227884,-0.582097,0.752898,0.290353,-0.10002,-0.476768,0.836119,-0.219612,0.159273,-0.331516,0.773699,-0.539746,0.0127015,0.00426585,-0.6709,0.73789,-0.0734427,0.0629569,-0.582998,-0.0152024,0.809888,-0.04345,-0.588036,0.0463687,0.806335,0,0,0,0,-0.21072,0.590784,0.738388,-0.247698,-0.0101233,0.809872,0.0668522,0.582697,0.10548,0.539082,0.0730033,0.832427,0,0,0,0,-0.19648,-0.00761174,0.977657,-0.0743321,0,0,0,0,0,0,0,0,0,0,0,0,0,0,0,0,
-0.169751,-0.0129856,0.983682,-0.0581953,-0.188152,-0.0118929,0.980328,-0.0584284,-0.204994,-0.00283911,0.97394,-0.0970022,0,0,0,0,0.157012,0.739589,-0.65093,-0.0681567,0.0255544,0.683302,-0.257959,-0.682571,0.23788,-0.345517,-0.333079,0.844446,0.406928,-0.265576,-0.442602,0.753646,-0.13968,0.622591,0.733704,-0.233555,-0.614699,0.75706,0.216892,-0.0443143,-0.353754,0.792236,-0.426254,0.255984,-0.212769,0.782448,-0.563403,0.158375,-0.00381647,-0.673043,0.736426,-0.0683707,0.0626163,-0.573806,-0.0168761,0.81642,-0.0419871,-0.581293,0.0480757,0.811187,0,0,0,0,-0.216545,0.587718,0.736679,-0.254949,-0.00905878,0.816377,0.0698,0.573214,0.105773,0.558091,0.0698646,0.82004,0,0,0,0,-0.206131,-0.00821901,0.975524,-0.0761262,0,0,0,0,0,0,0,0,0,0,0,0,0,0,0,0,
-0.176938,-0.0141395,0.98234,-0.0591719,-0.204106,-0.0124935,0.977057,-0.0595412,-0.229769,-0.00173436,0.968336,-0.0976188,0,0,0,0,0.171212,0.737159,-0.648386,-0.082937,0.0384168,0.675861,-0.25389,-0.690852,0.23685,-0.343615,-0.320982,0.850177,0.424202,-0.225671,-0.570342,0.66621,-0.163697,0.604399,0.737313,-0.253525,-0.609576,0.765806,0.20048,-0.0420232,-0.337336,0.778285,-0.441966,0.291794,-0.201957,0.78129,-0.555085,0.201694,-0.00885757,-0.675129,0.734786,-0.0649039,0.0622226,-0.567766,-0.016047,0.820678,-0.0445509,-0.564949,0.0483965,0.8225,0,0,0,0,-0.220353,0.584548,0.736638,-0.259063,-0.00775942,0.820504,0.0711744,0.56714,0.108069,0.590854,0.0676826,0.796638,0,0,0,0,-0.230994,-0.00766265,0.969872,-0.0770167,0,0,0,0,0,0,0,0,0,0,0,0,0,0,0,0,
-0.184923,-0.0146212,0.980769,-0.0606792,-0.213348,-0.0128516,0.97498,-0.0610785,-0.240165,-0.000764231,0.965683,-0.0988818,0,0,0,0,0.182795,0.737694,-0.642944,-0.0949573,0.0445408,0.669221,-0.251648,-0.697734,0.227105,-0.323102,-0.294096,0.870365,0.342665,-0.249824,-0.5696,0.704077,-0.168139,0.600716,0.738287,-0.25652,-0.617697,0.764555,0.176858,-0.0512503,-0.420327,0.825237,-0.373883,0.0502012,-0.360856,0.804845,-0.470861,-0.0172247,-0.0151382,-0.677021,0.733257,-0.0612239,0.0617107,-0.561153,-0.0156488,0.82526,-0.0475661,-0.557645,0.0449832,0.827494,0,0,0,0,-0.224119,0.581528,0.736317,-0.263501,-0.00861344,0.825056,0.0735547,0.560177,0.10844,0.598228,0.0677083,0.791063,0,0,0,0,-0.241447,-0.00707974,0.967216,-0.0783949,0,0,0,0,0,0,0,0,0,0,0,0,0,0,0,0,
-0.195414,-0.0144341,0.978662,-0.0618537,-0.221808,-0.0127561,0.973019,-0.0622215,-0.246491,-5.25264e-005,0.963992,-0.0998125,0,0,0,0,0.188008,0.739474,-0.638428,-0.101193,0.0492681,0.660429,-0.255984,-0.704187,0.24248,-0.352379,-0.274883,0.861088,0.35428,-0.279979,-0.572699,0.684188,-0.172476,0.596753,0.739198,-0.26024,-0.621369,0.760197,0.175396,-0.0723666,-0.426352,0.830427,-0.358599,0.00459794,-0.347029,0.784837,-0.50584,-0.0879143,-0.0226103,-0.678542,0.73206,-0.0561978,0.0610643,-0.552524,-0.0162006,0.831099,-0.0488787,-0.553017,0.0427405,0.830636,0,0,0,0,-0.230342,0.578717,0.734408,-0.269581,-0.00919777,0.831046,0.0733889,0.551263,0.110392,0.595595,0.0736681,0.792245,0,0,0,0,-0.247806,-0.00659814,0.965527,-0.07941,0,0,0,0,0,0,0,0,0,0,0,0,0,0,0,0,
-0.215948,-0.0131916,0.97427,-0.063166,-0.235888,-0.011893,0.969635,-0.0634234,-0.253906,0.000740092,0.961885,-0.101534,0,0,0,0,0.194079,0.739019,-0.636272,-0.1065,0.103366,0.636231,-0.314514,-0.696854,0.280596,-0.490275,-0.21414,0.796894,0.409325,-0.429516,-0.445144,0.670683,-0.176517,0.597985,0.7351,-0.26624,-0.627478,0.76122,0.153117,-0.0580551,-0.432303,0.818462,-0.375933,-0.0436806,-0.342883,0.787501,-0.495261,-0.130345,-0.0390896,-0.681248,0.729701,-0.0436918,0.0624238,-0.535411,-0.019945,0.842045,-0.0474779,-0.547833,0.0432168,0.834121,0,0,0,0,-0.240655,0.58014,0.725369,-0.281713,-0.00411701,0.842423,0.0759636,0.533419,0.110629,0.591308,0.0778885,0.795015,0,0,0,0,-0.255269,-0.00596732,0.963457,-0.0809492,0,0,0,0,0,0,0,0,0,0,0,0,0,0,0,0,
-0.234971,-0.0118094,0.969753,-0.0650213,-0.247518,-0.0109659,0.966627,-0.0651689,-0.257862,0.000372728,0.960308,-0.106379,0,0,0,0,0.202886,0.740719,-0.630514,-0.112361,0.116138,0.658718,-0.313146,-0.674197,-0.368994,0.818941,0.0998148,-0.428037,0.565905,-0.641919,0.0536456,0.514601,-0.172665,0.602338,0.731924,-0.267699,-0.631251,0.762412,0.109933,-0.0903554,-0.421809,0.812405,-0.395631,-0.0745006,-0.336534,0.779484,-0.504725,-0.156211,-0.0644485,-0.687637,0.722791,-0.0239615,0.0650221,-0.519382,-0.0253339,0.851688,-0.0461948,-0.544569,0.0423777,0.83637,0,0,0,0,-0.245472,0.580254,0.72095,-0.288583,-0.00082933,0.85279,0.0742351,0.51695,0.111243,0.579645,0.0841084,0.802846,0,0,0,0,-0.25934,-0.00632968,0.962043,-0.0847082,0,0,0,0,0,0,0,0,0,0,0,0,0,0,0,0,
-0.263712,-0.0105814,0.962162,-0.0677423,-0.264291,-0.0105406,0.962003,-0.0677486,-0.26243,0.000835896,0.958903,-0.107863,0,0,0,0,0.212297,0.740498,-0.626235,-0.120091,0.127011,0.654303,-0.324746,-0.671041,0.276312,-0.514241,-0.266764,0.766841,0.496272,-0.458784,0.0316193,0.736364,-0.168898,0.608131,0.728156,-0.26728,-0.636576,0.753641,0.0816916,-0.141854,-0.44371,0.813638,-0.37115,-0.0579809,-0.313077,0.769303,-0.529881,-0.171409,-0.089629,-0.686356,0.721704,-0.00500505,0.0657663,-0.494847,-0.0321119,0.865893,-0.0460664,-0.540596,0.0433618,0.8389,0,0,0,0,-0.260306,0.578429,0.709889,-0.306135,0.00603256,0.86755,0.0814514,0.490598,0.108244,0.562701,0.0876901,0.814838,0,0,0,0,-0.263947,-0.0062455,0.960594,-0.0869065,0,0,0,0,0,0,0,0,0,0,0,0,0,0,0,0,
-0.277895,-0.0102609,0.958044,-0.0694237,-0.273787,-0.0105584,0.959227,-0.0693791,-0.26717,-0.000606952,0.957267,-0.110722,0,0,0,0,0.221833,0.740155,-0.621928,-0.12715,0.16602,0.657603,-0.350386,-0.64593,0.216828,-0.467705,-0.253304,0.818581,0.385509,-0.415208,-0.280227,0.774893,-0.165162,0.612924,0.724828,-0.267713,-0.639593,0.755997,0.0452814,-0.131675,-0.415753,0.793039,-0.42374,-0.136681,-0.317007,0.764782,-0.516142,-0.219576,-0.108812,-0.686974,0.718417,0.0101718,0.0690858,-0.482413,-0.0361841,0.872465,-0.0461665,-0.536809,0.0427187,0.841356,0,0,0,0,-0.263028,0.577164,0.70794,-0.310675,0.00861558,0.874702,0.0809949,0.477769,0.105653,0.544367,0.0927664,0.82698,0,0,0,0,-0.26872,-0.00721855,0.959036,-0.0893768,0,0,0,0,0,0,0,0,0,0,0,0,0,0,0,0,
-0.286862,-0.0107305,0.955269,-0.0711136,-0.277521,-0.0114243,0.958024,-0.0710054,-0.265651,-0.0029047,0.957461,-0.112651,0,0,0,0,0.222337,0.74332,-0.618286,-0.125554,-0.0113058,-0.584835,0.173379,0.792326,-0.119368,0.979449,-0.161245,-0.0207444,-0.117046,0.128281,0.819042,-0.546822,-0.161017,0.615672,0.723017,-0.268827,-0.640216,0.757426,0.0283706,-0.124997,-0.356042,0.792027,-0.488131,-0.0874981,-0.288682,0.777252,-0.540015,-0.144657,-0.119994,-0.684915,0.71845,0.0179163,0.0700079,-0.474465,-0.0386475,0.876634,-0.0455026,-0.537563,0.0442278,0.840833,0,0,0,0,-0.264445,0.577383,0.705193,-0.315278,0.0106524,0.879116,0.0805101,0.469638,0.106507,0.542048,0.0958198,0.828045,0,0,0,0,-0.267213,-0.00925448,0.959219,-0.0917122,0,0,0,0,0,0,0,0,0,0,0,0,0,0,0,0,
-0.29955,-0.0110057,0.951141,-0.0740226,-0.28736,-0.0119516,0.954895,-0.0738758,-0.272514,-0.00354327,0.955178,-0.115574,0,0,0,0,0.239406,0.74218,-0.610346,-0.139037,-0.01952,-0.593963,0.173186,0.785388,-0.207,0.964278,-0.163301,-0.0255113,0.0128368,0.195075,0.716411,0.669728,-0.15302,0.621806,0.72051,-0.266097,-0.644408,0.735458,0.00876262,-0.209198,-0.373216,0.791415,-0.446481,-0.187154,-0.282599,0.714392,-0.580424,-0.269983,-0.132971,-0.682805,0.71794,0.0256579,0.0713296,-0.463185,-0.0409159,0.882439,-0.0445927,-0.531525,0.0441926,0.844713,0,0,0,0,-0.268819,0.576026,0.700831,-0.323678,0.01325,0.885182,0.0825664,0.457668,0.105747,0.529579,0.0988651,0.835816,0,0,0,0,-0.274144,-0.0101527,0.956906,-0.0952511,0,0,0,0,0,0,0,0,0,0,0,0,0,0,0,0,
-0.310586,-0.0110007,0.947395,-0.0765343,-0.296926,-0.0121004,0.951765,-0.0763681,-0.280505,-0.00266932,0.952732,-0.116666,0,0,0,0,0.253433,0.739173,-0.605378,-0.151369,-0.0252007,-0.583991,0.164705,0.794476,0.170327,0.00731533,-0.22683,0.958897,0.173648,0.0126478,-0.200896,0.964016,-0.149734,0.626288,0.717476,-0.265652,-0.628195,0.74974,-0.0570717,-0.200011,-0.384315,0.780611,-0.469929,-0.148714,-0.232369,0.720739,-0.598558,-0.261282,-0.144877,-0.68021,0.71781,0.0327642,0.0718083,-0.453407,-0.0432757,0.887352,-0.0442629,-0.52492,0.0444732,0.848836,0,0,0,0,-0.273136,0.573583,0.697971,-0.330508,0.0154605,0.89033,0.0848614,0.447071,0.106747,0.545512,0.09748,0.825542,0,0,0,0,-0.282184,-0.00977722,0.954394,-0.0969982,0,0,0,0,0,0,0,0,0,0,0,0,0,0,0,0,
-0.319055,-0.0120919,0.944288,-0.079866,-0.304115,-0.0133506,0.949205,-0.0796653,-0.286309,-0.00438381,0.950606,-0.119821,0,0,0,0,0.269086,0.736522,-0.59908,-0.161961,-0.0184044,-0.551581,0.135884,0.822773,0.179483,0.00956649,-0.218206,0.959208,0.182669,0.0151183,-0.192158,0.964095,-0.141326,0.631837,0.714894,-0.264075,-0.625119,0.749779,-0.0735207,-0.204089,-0.356299,0.777828,-0.497353,-0.143787,-0.211248,0.723567,-0.60787,-0.249637,-0.155106,-0.678659,0.716909,0.0374916,0.0727856,-0.445671,-0.0447501,0.89111,-0.0441037,-0.519685,0.0447587,0.852044,0,0,0,0,-0.27526,0.571014,0.696244,-0.336779,0.0140336,0.894321,0.0861947,0.438821,0.110822,0.550402,0.0999087,0.821459,0,0,0,0,-0.288054,-0.0114855,0.952262,-0.100454,0,0,0,0,0,0,0,0,0,0,0,0,0,0,0,0,
-0.326921,-0.0128171,0.941343,-0.0826535,-0.31058,-0.0142456,0.94686,-0.0824193,-0.291328,-0.00526512,0.948897,-0.121225,0,0,0,0,0.277411,0.737322,-0.592194,-0.169423,-0.0138919,-0.555162,0.118839,0.823091,0.161693,0.0115323,-0.197211,0.966866,0.16479,0.016543,-0.170795,0.971288,-0.138006,0.636083,0.711047,-0.266017,-0.621544,0.749118,-0.0919425,-0.209884,-0.00617974,0.722676,-0.616525,0.312408,0.186034,0.7473,-0.6157,0.166874,-0.164909,-0.675291,0.717648,0.0420572,0.073347,-0.438483,-0.0457619,0.894572,-0.0435355,-0.51543,0.045573,0.854611,0,0,0,0,-0.277324,0.568538,0.694898,-0.342012,0.0167381,0.897837,0.0873006,0.431262,0.113792,0.576764,0.0978176,0.803011,0,0,0,0,-0.293095,-0.0124157,0.950505,-0.102379,0,0,0,0,0,0,0,0,0,0,0,0,0,0,0,0,
-0.331919,-0.0135321,0.939429,-0.0843748,-0.321975,-0.0144228,0.942884,-0.0842271,-0.308983,-0.00428078,0.943145,-0.122432,0,0,0,0,0.280761,0.737548,-0.588331,-0.176243,-0.0130361,-0.560765,0.113886,0.820001,0.149772,0.0130974,-0.18055,0.972007,0.15283,0.0177365,-0.1539,0.976034,-0.155883,0.634454,0.700023,-0.288333,-0.617308,0.748148,-0.109274,-0.217404,-0.342111,0.746789,-0.520846,-0.23235,-0.269093,0.727973,-0.559844,-0.290204,-0.1717,-0.67301,0.71799,0.0454725,0.0741353,-0.433822,-0.0463361,0.896747,-0.0417596,-0.503486,0.047261,0.861698,0,0,0,0,-0.278275,0.566939,0.694321,-0.345053,0.0179952,0.900119,0.0863093,0.42663,0.110959,0.569286,0.0998821,0.808471,0,0,0,0,-0.310812,-0.0117735,0.944699,-0.103934,0,0,0,0,0,0,0,0,0,0,0,0,0,0,0,0,
-0.335814,-0.0142337,0.937774,-0.0872166,-0.327487,-0.0150064,0.940714,-0.087087,-0.316019,-0.00488107,0.940448,-0.125162,0,0,0,0,0.288415,0.738574,-0.581225,-0.183038,-0.0138425,-0.573857,0.111234,0.811248,0.138109,0.0126364,-0.175993,0.974573,0.141185,0.016942,-0.149259,0.97852,-0.155319,0.63782,0.694303,-0.294967,-0.60599,0.744226,-0.140619,-0.243167,-0.325016,0.753192,-0.530841,-0.212777,-0.213447,0.709669,-0.602583,-0.296149,-0.178161,-0.672087,0.717157,0.0473743,0.0754883,-0.430174,-0.0461048,0.898402,-0.0414671,-0.498065,0.0465202,0.864898,0,0,0,0,-0.278127,0.564799,0.694642,-0.348022,0.0181512,0.901972,0.0847628,0.423003,0.112157,0.594556,0.0980032,0.790139,0,0,0,0,-0.3179,-0.0123752,0.942008,-0.10681,0,0,0,0,0,0,0,0,0,0,0,0,0,0,0,0,
-0.335092,-0.0156583,0.93779,-0.0895437,-0.328848,-0.0162534,0.939998,-0.0894376,-0.319436,-0.00600025,0.939099,-0.126561,0,0,0,0,0.294028,0.740829,-0.573579,-0.189019,-0.0116731,-0.562974,0.109173,0.819149,0.257062,-0.0438196,-0.502077,0.824571,0.260858,-0.0381134,-0.489767,0.831041,-0.150779,0.64398,0.688489,-0.297555,-0.600292,0.743113,-0.155331,-0.251604,-0.332241,0.739194,-0.529321,-0.251053,-0.223782,0.690225,-0.602872,-0.331746,-0.178989,-0.672781,0.716437,0.0452452,0.076971,-0.430367,-0.0422728,0.898372,-0.0407506,-0.495003,0.0479463,0.86661,0,0,0,0,-0.276299,0.561713,0.697861,-0.348035,0.0184304,0.901668,0.0839009,0.423811,0.113223,0.600626,0.0978194,0.785404,0,0,0,0,-0.321324,-0.0133725,0.940637,-0.108508,0,0,0,0,0,0,0,0,0,0,0,0,0,0,0,0,
-0.332296,-0.0169416,0.93854,-0.0918438,-0.329217,-0.0172426,0.939624,-0.0917877,-0.322915,-0.00615501,0.937721,-0.127936,0,0,0,0,0.299801,0.743032,-0.565461,-0.195645,-0.0113937,-0.564567,0.107794,0.818239,0.256697,-0.0455149,-0.50568,0.822388,0.261647,-0.0381263,-0.489748,0.830803,-0.145836,0.650915,0.681875,-0.300147,-0.592544,0.741821,-0.173959,-0.261403,-0.304433,0.744718,-0.54856,-0.227591,-0.179835,0.69111,-0.624105,-0.317048,-0.176413,-0.674846,0.715422,0.0404054,0.0784879,-0.432348,-0.0361649,0.897556,-0.0421328,-0.491736,0.0474946,0.868427,0,0,0,0,-0.274219,0.558093,0.701995,-0.347188,0.0156718,0.900533,0.0833071,0.426443,0.116347,0.610627,0.0976284,0.777217,0,0,0,0,-0.324823,-0.0135908,0.939244,-0.110117,0,0,0,0,0,0,0,0,0,0,0,0,0,0,0,0,
-0.331876,-0.0180039,0.938551,-0.0930349,-0.329857,-0.0182039,0.939263,-0.092996,-0.324617,-0.00706842,0.937064,-0.128395,0,0,0,0,0.302669,0.744221,-0.561221,-0.19889,-0.0106669,-0.562236,0.10675,0.819989,0.264205,-0.0543478,-0.497971,0.824177,-0.234598,-0.0334229,0.957106,-0.166715,-0.143206,0.654192,0.678759,-0.301348,-0.583437,0.74045,-0.192533,-0.272519,-0.285262,0.737742,-0.562273,-0.241271,-0.177751,0.6887,-0.626083,-0.319557,-0.175712,-0.674565,0.71598,0.0382021,0.0789352,-0.432341,-0.0329567,0.897644,-0.0424577,-0.490221,0.0470617,0.86929,0,0,0,0,-0.273283,0.556825,0.703115,-0.347696,0.0157343,0.900369,0.0824083,0.426963,0.115868,0.605425,0.0992948,0.781137,0,0,0,0,-0.326542,-0.0145221,0.938565,-0.110702,0,0,0,0,0,0,0,0,0,0,0,0,0,0,0,0,
-0.332328,-0.018796,0.938139,-0.0953987,-0.346753,-0.0173228,0.932903,-0.0956771,-0.357992,-0.00310806,0.924583,-0.130297,0,0,0,0,0.30593,0.741627,-0.558388,-0.211186,-0.00932969,-0.559227,0.105233,0.822255,0.37301,-0.243474,-0.416922,0.792313,-0.381431,-0.0333744,0.911603,-0.14959,-0.182079,0.642125,0.660627,-0.343648,-0.57429,0.744662,-0.199204,-0.275656,-0.29433,0.728531,-0.55638,-0.270285,-0.183734,0.672549,-0.626322,-0.348771,-0.175346,-0.674148,0.716639,0.034743,0.0805044,-0.431483,-0.0278661,0.89809,-0.041021,-0.467168,0.0478526,0.881919,0,0,0,0,-0.272643,0.553979,0.705024,-0.348876,0.0153535,0.900575,0.083287,0.426371,0.116066,0.584712,0.102287,0.796353,0,0,0,0,-0.360019,-0.0112017,0.926018,-0.11292,0,0,0,0,0,0,0,0,0,0,0,0,0,0,0,0,
-0.257493,-0.0305818,0.961232,-0.0937846,-0.31283,-0.0250888,0.944673,-0.095401,-0.365744,-0.00402748,0.921098,-0.133391,0,0,0,0,0.312726,0.737295,-0.558893,-0.21503,-0.00571115,-0.539156,0.103761,0.83577,0.445213,-0.269799,-0.427085,0.739319,-0.554939,0.0344121,0.792595,-0.250301,-0.185936,0.64055,0.657392,-0.350654,-0.563156,0.742373,-0.220432,-0.288354,-0.263437,0.733944,-0.573886,-0.250164,-0.14861,0.676959,-0.640622,-0.330522,0.0702182,0.712971,-0.695953,0.0488977,0.081637,-0.494637,0.00486507,0.865243,-0.0411899,-0.462293,0.0479436,0.884471,0,0,0,0,-0.23829,0.564359,0.721049,-0.323736,-0.00637211,0.864948,0.0706971,0.496816,0.11715,0.58662,0.10272,0.794734,0,0,0,0,-0.367849,-0.0115076,0.922716,-0.114674,0,0,0,0,0,0,0,0,0,0,0,0,0,0,0,0,
-0.239327,-0.0329597,0.965553,-0.0966591,-0.304563,-0.0262968,0.947002,-0.0986803,-0.367167,-0.000346534,0.919342,-0.141418,0,0,0,0,0.321556,0.740227,-0.547787,-0.220441,-0.00645435,-0.547468,0.101641,0.830606,0.178266,0.111487,-0.496076,0.842437,0.186087,0.120426,-0.47895,0.849397,-0.178252,0.65486,0.645207,-0.350846,-0.556456,0.737987,-0.227302,-0.306701,-0.210131,0.725554,-0.596564,-0.27116,-0.124015,0.693177,-0.62699,-0.33318,0.0550931,0.706855,-0.702169,0.0654181,0.0816661,-0.509859,0.0122855,0.856285,-0.0402884,-0.459613,0.0477851,0.885917,0,0,0,0,-0.231434,0.556871,0.731898,-0.317268,-0.0115492,0.855668,0.0664858,0.513107,0.120565,0.6049,0.100873,0.780631,0,0,0,0,-0.369482,-0.00843045,0.921177,-0.121839,0,0,0,0,0,0,0,0,0,0,0,0,0,0,0,0,
-0.229061,-0.0360272,0.967868,-0.0972886,-0.301576,-0.0285692,0.947781,-0.0997338,-0.371838,-0.00141569,0.917454,-0.141465,0,0,0,0,0.323897,0.73852,-0.547895,-0.222462,-0.00525247,-0.539387,0.100696,0.835999,-0.443826,0.849943,-0.278874,0.0533348,-0.133116,-0.0456218,0.984564,-0.104081,-0.182311,0.652324,0.644214,-0.355282,-0.545389,0.741461,-0.241987,-0.306968,-0.207445,0.726039,-0.600522,-0.263072,-0.142395,0.687553,-0.64116,-0.309692,-0.0470778,-0.702618,0.706312,-0.0723517,0.081799,-0.518025,0.0163583,0.851288,-0.0452148,-0.456685,0.0441586,0.88738,0,0,0,0,-0.227048,0.55228,0.738573,-0.312964,-0.0140635,0.850306,0.0640021,0.522193,0.119855,0.606954,0.101136,0.779111,0,0,0,0,-0.374178,-0.00953004,0.919247,-0.122007,0,0,0,0,0,0,0,0,0,0,0,0,0,0,0,0,
-0.268791,-0.0317723,0.957444,-0.100215,-0.326231,-0.0256503,0.939426,-0.101954,-0.380946,-0.000372005,0.913976,-0.139744,0,0,0,0,0.323285,0.738053,-0.547264,-0.22642,-0.00327655,-0.526303,0.0992279,0.844481,-0.388986,0.844681,-0.335677,0.150085,0.119288,-0.0100833,0.9928,-0.00422462,-0.196012,0.645805,0.641298,-0.365037,-0.536306,0.747641,-0.248045,-0.303121,-0.206621,0.726026,-0.602075,-0.260191,-0.107557,0.685437,-0.639746,-0.330655,-0.0733204,-0.693526,0.714683,-0.0536133,0.0830027,-0.484312,0.00969368,0.870895,-0.0425617,-0.450099,0.0457334,0.89079,0,0,0,0,-0.255304,0.539145,0.729426,-0.334784,-0.00299203,0.87066,0.0745683,0.486191,0.119929,0.600046,0.102838,0.78421,0,0,0,0,-0.383257,-0.00887787,0.915612,-0.121206,0,0,0,0,0,0,0,0,0,0,0,0,0,0,0,0,
-0.488525,0.00266483,0.865919,-0.107328,-0.435951,-0.00374826,0.893544,-0.107295,-0.381203,0.0013636,0.913823,-0.140033,0,0,0,0,0.323473,0.738776,-0.544531,-0.230348,-0.00302753,-0.525981,0.0985029,0.844767,-0.0745499,0.844873,-0.236692,0.47393,-0.050128,0.851021,-0.225897,0.471403,-0.195092,0.649267,0.639112,-0.36322,-0.533039,0.7481,-0.25104,-0.305279,-0.194457,0.730009,-0.605771,-0.249631,-0.0775844,0.693472,-0.633826,-0.333679,-0.376627,-0.582156,0.698448,0.177247,0.0841979,-0.287694,-0.0790779,0.950731,-0.0405572,-0.448129,0.0434474,0.891991,0,0,0,0,-0.367439,0.488845,0.676007,-0.411138,0.0692456,0.956118,0.111149,0.262085,0.115561,0.593072,0.102136,0.79024,0,0,0,0,-0.383363,-0.00578415,0.915679,-0.120547,0,0,0,0,0,0,0,0,0,0,0,0,0,0,0,0,
-0.488148,0.00286059,0.865998,-0.108404,-0.436166,-0.00354478,0.893308,-0.108384,-0.381876,0.00251829,0.913454,-0.140592,0,0,0,0,0.3241,0.73946,-0.542547,-0.231949,0.000908985,-0.492846,0.0982247,0.864554,-0.221442,0.69199,-0.520382,0.448683,-0.20353,0.703654,-0.515846,0.44424,-0.193771,0.652433,0.635586,-0.364437,-0.529676,0.747909,-0.253318,-0.309686,-0.196903,0.725716,-0.604044,-0.264,-0.0946626,0.696518,-0.625353,-0.338873,-0.377501,-0.58725,0.693012,0.179902,0.0841897,-0.288275,-0.0790244,0.95056,-0.041901,-0.447296,0.0423407,0.8924,0,0,0,0,-0.36386,0.493819,0.673422,-0.412615,0.0691264,0.956062,0.110999,0.262385,0.113997,0.586136,0.103163,0.795492,0,0,0,0,-0.384052,-0.0047877,0.915324,-0.121088,0,0,0,0,0,0,0,0,0,0,0,0,0,0,0,0,
-0.487586,0.00284758,0.866206,-0.109268,-0.436,-0.00355905,0.893284,-0.109247,-0.3818,0.00358755,0.913111,-0.142983,0,0,0,0,0.325839,0.739662,-0.540839,-0.232856,0.000398288,-0.498639,0.0979494,0.861258,0.220821,0.142532,-0.63985,0.722159,-0.240421,-0.075188,0.861006,-0.441829,-0.191524,0.654157,0.634327,-0.364728,-0.526735,0.748495,-0.253204,-0.313357,-0.195762,0.725676,-0.60199,-0.269592,-0.102624,0.706414,-0.612415,-0.339698,-0.377963,-0.593441,0.686582,0.183237,0.0842911,-0.2889,-0.0782292,0.950427,-0.0414761,-0.446838,0.0425668,0.892639,0,0,0,0,-0.360479,0.498228,0.671301,-0.413739,0.0690194,0.955957,0.110564,0.262981,0.114336,0.586768,0.10358,0.794923,0,0,0,0,-0.384165,-0.00432178,0.915119,-0.122291,0,0,0,0,0,0,0,0,0,0,0,0,0,0,0,0,
-0.487288,0.00312903,0.866348,-0.109462,-0.43602,-0.00324947,0.89325,-0.109459,-0.381859,0.00522498,0.912918,-0.144006,0,0,0,0,0.323763,0.742468,-0.538087,-0.233196,0.000350602,-0.500463,0.0977077,0.860227,0.196997,0.16174,-0.66681,0.700283,-0.214643,-0.105453,0.829829,-0.504174,-0.192714,0.655423,0.631384,-0.366929,-0.529812,0.740529,-0.232593,-0.341783,-0.175321,0.728795,-0.58934,-0.301328,-0.164687,0.69839,-0.625484,-0.30643,-0.377585,-0.597379,0.682806,0.185321,0.0842333,-0.289251,-0.0778092,0.95036,-0.0411469,-0.446578,0.0426055,0.892782,0,0,0,0,-0.358981,0.500675,0.670013,-0.414173,0.0675732,0.956028,0.110426,0.263153,0.115411,0.583807,0.104931,0.796768,0,0,0,0,-0.384406,-0.00371589,0.914959,-0.122753,0,0,0,0,0,0,0,0,0,0,0,0,0,0,0,0,
-0.484886,0.00291822,0.867663,-0.10972,-0.433423,-0.00348999,0.894482,-0.109704,-0.378767,0.00590341,0.914028,-0.145101,0,0,0,0,0.31626,0.751718,-0.530324,-0.231639,0.000997739,-0.496742,0.0974924,0.862404,0.297104,0.0590552,-0.638813,0.70722,-0.326479,-0.0331607,0.779258,-0.533918,-0.195255,0.655207,0.629873,-0.368564,-0.513729,0.757523,-0.241597,-0.322292,-0.159587,0.733205,-0.602558,-0.271782,-0.168955,0.755954,-0.573572,-0.266464,-0.373254,-0.603785,0.679849,0.184202,0.0847596,-0.291611,-0.0758348,0.949751,-0.0412638,-0.44879,0.0438414,0.891607,0,0,0,0,-0.356192,0.504256,0.668667,-0.414412,0.0658403,0.955472,0.110154,0.265713,0.11376,0.568366,0.108189,0.807659,0,0,0,0,-0.381388,-0.00352664,0.916081,-0.123798,0,0,0,0,0,0,0,0,0,0,0,0,0,0,0,0,
-0.48054,0.00219958,0.870067,-0.109818,-0.431185,-0.0039387,0.895553,-0.10977,-0.378658,0.0056928,0.914212,-0.14423,0,0,0,0,0.317229,0.749129,-0.534349,-0.229441,0.00111315,-0.496115,0.0974804,0.862767,0.316128,0.0102401,-0.5073,0.801627,-0.292079,0.0658588,0.909358,-0.288827,-0.197443,0.64948,0.635844,-0.367281,-0.500596,0.772229,-0.236335,-0.311787,-0.166109,0.734143,-0.597971,-0.275449,-0.200394,0.785328,-0.529817,-0.249792,-0.366182,-0.612403,0.676718,0.181457,0.0854947,-0.295796,-0.0729615,0.948616,-0.0415919,-0.449036,0.0439233,0.891464,0,0,0,0,-0.351282,0.510328,0.666651,-0.414419,0.0648777,0.954261,0.109207,0.270648,0.152216,0.889408,0.0392633,0.429234,0,0,0,0,-0.381183,-0.00367301,0.916133,-0.124041,0,0,0,0,0,0,0,0,0,0,0,0,0,0,0,0,
-0.471366,0.000889203,0.875099,-0.109612,-0.424785,-0.0048652,0.898633,-0.109507,-0.37494,0.00534615,0.915936,-0.143014,0,0,0,0,0.313212,0.751628,-0.534642,-0.226078,0.00209059,-0.488086,0.0974698,0.867334,0.22035,0.168447,-0.563114,0.778443,-0.172143,0.0706506,0.930334,-0.315998,-0.198494,0.645992,0.640825,-0.364194,-0.482713,0.795282,-0.226387,-0.288556,-0.167987,0.739501,-0.596178,-0.263609,-0.220798,0.798234,-0.515585,-0.219641,-0.353624,-0.624767,0.673767,0.175086,0.0864342,-0.304647,-0.0682668,0.946076,-0.044656,-0.451729,0.0432998,0.889984,0,0,0,0,-0.342454,0.519371,0.665602,-0.412254,0.0626848,0.951644,0.107176,0.280995,0.152596,0.888011,0.0395418,0.431959,0,0,0,0,-0.377364,-0.00388585,0.917762,-0.123668,0,0,0,0,0,0,0,0,0,0,0,0,0,0,0,0,
-0.462057,-0.000475555,0.880105,-0.109171,-0.415621,-0.0061573,0.902962,-0.108998,-0.365882,0.00405965,0.919781,-0.141833,0,0,0,0,0.300882,0.761522,-0.530848,-0.218527,0.00311839,-0.479669,0.0974805,0.872012,0.210174,0.197404,-0.573963,0.766437,-0.140999,0.106301,0.918717,-0.353241,-0.191349,0.637225,0.649158,-0.368678,-0.473344,0.806962,-0.211661,-0.282767,-0.179338,0.746436,-0.581528,-0.26925,-0.254147,0.797932,-0.507117,-0.203828,-0.340643,-0.635474,0.672422,0.167287,0.0869499,-0.3134,-0.0630108,0.94353,-0.0467062,-0.458504,0.0427625,0.886434,0,0,0,0,-0.335771,0.524739,0.666808,-0.408993,0.0607853,0.948839,0.105247,0.291433,0.117626,0.590763,0.105044,0.791283,0,0,0,0,-0.368207,-0.00490846,0.921556,-0.123023,0,0,0,0,0,0,0,0,0,0,0,0,0,0,0,0,
-0.45056,-0.0015848,0.886167,-0.108172,-0.408585,-0.00664647,0.906286,-0.10798,-0.363199,0.00447339,0.92111,-0.14008,0,0,0,0,0.294945,0.763229,-0.533429,-0.214343,0.164555,-0.501573,-0.0077211,0.849286,0.752002,-0.592128,0.0412887,0.286657,-0.381082,0.163711,0.27052,0.868789,-0.195201,0.633263,0.652336,-0.367876,-0.46393,0.820029,-0.191411,-0.275107,-0.225528,0.780975,-0.528146,-0.245516,-0.152544,0.715586,-0.615753,-0.292431,-0.325049,-0.64504,0.67363,0.156487,0.0878539,-0.324202,-0.0566445,0.940195,-0.0470518,-0.460755,0.0430569,0.885233,0,0,0,0,-0.328433,0.530441,0.668945,-0.404076,0.0571738,0.945356,0.102846,0.304067,0.118424,0.577212,0.107313,0.800803,0,0,0,0,-0.365458,-0.00450947,0.922826,-0.121706,0,0,0,0,0,0,0,0,0,0,0,0,0,0,0,0,
-0.432186,-0.00241668,0.895356,-0.107458,-0.397415,-0.0065496,0.911322,-0.107285,-0.359045,0.00566235,0.92284,-0.139359,0,0,0,0,0.290033,0.764284,-0.53656,-0.209415,0.165448,-0.500292,-0.00359863,0.849895,0.757851,-0.563321,-0.0168353,0.328707,-0.370609,0.104758,0.233677,0.892788,-0.193415,0.636888,0.649925,-0.366828,-0.450136,0.834331,-0.192333,-0.25353,-0.223538,0.80347,-0.519165,-0.186906,-0.0994483,0.739405,-0.612737,-0.26066,-0.305352,-0.652444,0.679455,0.139349,0.0891189,-0.341797,-0.0490641,0.934251,-0.047026,-0.464293,0.0435122,0.883361,0,0,0,0,-0.315368,0.539966,0.67261,-0.395696,0.0476273,0.939779,0.0992659,0.323564,0.122108,0.574882,0.108242,0.8018,0,0,0,0,-0.361257,-0.0033137,0.924557,-0.121146,0,0,0,0,0,0,0,0,0,0,0,0,0,0,0,0,
-0.416227,-0.00247152,0.902928,-0.107097,-0.386558,-0.00596299,0.916022,-0.106959,-0.353236,0.00709816,0.9251,-0.139157,0,0,0,0,0.285338,0.764548,-0.541232,-0.202772,0.165411,-0.499406,-0.000383563,0.850431,0.546057,-0.187463,-0.530968,0.620284,-0.478515,0.369302,0.716675,-0.347873,-0.189753,0.64133,0.648135,-0.364158,-0.442547,0.84609,-0.188529,-0.229652,-0.223189,0.800826,-0.526159,-0.178944,-0.126482,0.798304,-0.536565,-0.24251,-0.285493,-0.660857,0.683192,0.122516,0.0894922,-0.356919,-0.0417567,0.928901,-0.0473452,-0.469279,0.0436406,0.880699,0,0,0,0,-0.307856,0.542987,0.678047,-0.388127,0.0435506,0.93436,0.0954363,0.340538,0.121005,0.549069,0.110787,0.819517,0,0,0,0,-0.355409,-0.00187377,0.926846,-0.120986,0,0,0,0,0,0,0,0,0,0,0,0,0,0,0,0,
-0.397583,-0.00271998,0.911443,-0.105796,-0.374615,-0.00537066,0.921121,-0.105695,-0.347961,0.00916973,0.9273,-0.137672,0,0,0,0,0.282858,0.760246,-0.550936,-0.196183,0.165455,-0.499309,-7.18444e-005,0.850479,0.470717,-0.10317,-0.599145,0.63938,-0.291083,0.400741,0.659981,-0.564891,-0.187422,0.643313,0.650165,-0.3582,-0.356071,0.914145,-0.184031,-0.0607113,-0.312792,0.775907,-0.510594,-0.198555,-0.20677,0.785993,-0.515741,-0.271058,-0.268961,-0.663316,0.689964,0.107806,0.0891714,-0.374572,-0.0369994,0.922158,-0.0474948,-0.473954,0.0438373,0.878174,0,0,0,0,-0.294979,0.551872,0.682179,-0.378228,0.035221,0.927796,0.0919066,0.359871,0.124786,0.554346,0.109624,0.815544,0,0,0,0,-0.350093,2.34671e-005,0.929047,-0.119609,0,0,0,0,0,0,0,0,0,0,0,0,0,0,0,0,
-0.375365,-0.00344573,0.920901,-0.10503,-0.359301,-0.00527089,0.927286,-0.104954,-0.339574,0.0100941,0.930453,-0.137276,0,0,0,0,0.281519,0.757285,-0.557958,-0.189602,-0.162995,0.406336,-0.507607,0.742064,-0.352064,0.763569,-0.0849539,-0.534599,-0.452901,0.654626,0.460868,-0.39236,-0.184836,0.65386,0.649032,-0.342141,-0.375282,0.905204,-0.173665,-0.0980257,-0.265518,0.811755,-0.503468,-0.130665,-0.156127,0.820848,-0.511563,-0.200341,-0.247384,-0.66886,0.695375,0.0887782,0.0881682,-0.395341,-0.0323164,0.913722,-0.0482392,-0.480706,0.0441159,0.874442,0,0,0,0,-0.28194,0.558203,0.688612,-0.367061,0.0256092,0.919396,0.0875057,0.382621,0.125668,0.545571,0.111174,0.821097,0,0,0,0,-0.341661,0.00104758,0.932246,-0.119101,0,0,0,0,0,0,0,0,0,0,0,0,0,0,0,0,
-0.353573,-0.00937068,0.929727,-0.102501,-0.348069,-0.00997674,0.931801,-0.102444,-0.339966,0.00123206,0.931689,-0.127973,0,0,0,0,0.271486,0.759995,-0.560178,-0.186823,-0.161513,0.389576,-0.504732,0.753252,-0.286945,0.914327,-0.223699,-0.177842,0.735532,-0.638049,-0.0179992,-0.227072,-0.188316,0.642345,0.655814,-0.349054,-0.385661,0.904139,-0.138093,-0.12136,-0.31816,0.843089,-0.395349,-0.177975,-0.188922,0.75529,-0.57004,-0.26249,-0.215442,-0.677996,0.699925,0.0633352,0.0889045,-0.413528,-0.022309,0.905866,-0.0467425,-0.481918,0.045293,0.873795,0,0,0,0,-0.27314,0.558115,0.69752,-0.356887,0.0195926,0.910285,0.0828916,0.405126,0.128136,0.538108,0.112937,0.825388,0,0,0,0,-0.3414,-0.00430553,0.933113,-0.112815,0,0,0,0,0,0,0,0,0,0,0,0,0,0,0,0,
-0.339493,-0.00687706,0.935133,-0.101111,-0.340075,-0.00681411,0.934922,-0.101115,-0.33748,0.010494,0.932387,-0.129045,0,0,0,0,0.26933,0.751208,-0.575492,-0.178764,-0.153956,0.358847,-0.494946,0.776244,-0.33944,0.830571,-0.140868,-0.418436,-0.62885,0.694378,0.345539,-0.0546663,-0.196854,0.630129,0.666666,-0.346037,-0.392133,0.906394,-0.0960016,-0.124358,-0.204849,0.869328,-0.446773,0.0519469,-0.0427533,0.810136,-0.583759,-0.0328139,-0.195646,-0.682649,0.702468,0.0474462,0.0877439,-0.426803,-0.0173203,0.899911,-0.0484933,-0.484395,0.0440384,0.872394,0,0,0,0,-0.270333,0.559004,0.701319,-0.350123,0.0156445,0.90427,0.0819599,0.418729,0.129566,0.547822,0.109856,0.819167,0,0,0,0,-0.339321,0.00174166,0.933939,-0.112322,0,0,0,0,0,0,0,0,0,0,0,0,0,0,0,0,
-0.324934,-0.00585366,0.940482,-0.0993883,-0.331544,-0.00515407,0.938172,-0.099427,-0.335156,0.0116154,0.933223,-0.128962,0,0,0,0,0.266668,0.746456,-0.584863,-0.172124,-0.151523,0.321782,-0.485759,0.798458,-0.34012,0.834148,-0.149301,-0.407706,-0.597967,0.706331,0.373561,-0.0631261,-0.201349,0.622558,0.673394,-0.344123,-0.377532,0.919591,-0.0806591,-0.0729084,-0.174293,0.854468,-0.475448,0.115999,-0.0373769,0.857429,-0.511527,0.0419251,-0.17778,-0.683916,0.706803,0.0329061,0.0882688,-0.439931,-0.0118933,0.893604,-0.0491583,-0.487121,0.0436299,0.870857,0,0,0,0,-0.265857,0.560211,0.705803,-0.342529,0.0115352,0.897821,0.0801341,0.432855,0.129655,0.536801,0.110359,0.826351,0,0,0,0,-0.336952,0.00329827,0.934889,-0.11151,0,0,0,0,0,0,0,0,0,0,0,0,0,0,0,0,
-0.315449,-0.00555819,0.9439,-0.0975359,-0.325951,-0.00447062,0.940325,-0.0975918,-0.333606,0.012328,0.934002,-0.127258,0,0,0,0,0.263767,0.740564,-0.595456,-0.165602,-0.15516,0.294186,-0.480826,0.811287,-0.338875,0.839888,-0.158682,-0.393156,-0.539533,0.776856,0.291204,-0.143524,-0.208333,0.611522,0.682432,-0.341942,-0.365664,0.9276,-0.042276,-0.0637238,-0.251616,0.88047,-0.401659,-0.0114831,-0.145003,0.822816,-0.543681,-0.0797433,-0.165688,-0.685634,0.708422,0.0243245,0.0876535,-0.448378,-0.00889375,0.889492,-0.0469307,-0.488779,0.0452537,0.869968,0,0,0,0,-0.263332,0.560788,0.708872,-0.337153,0.00818129,0.893466,0.080364,0.441807,0.130866,0.535752,0.108696,0.82706,0,0,0,0,-0.335369,0.00408815,0.935692,-0.109507,0,0,0,0,0,0,0,0,0,0,0,0,0,0,0,0,
-0.299596,-0.00603608,0.949303,-0.0950266,-0.315897,-0.00439893,0.944003,-0.0951164,-0.329598,0.0122758,0.935737,-0.124941,0,0,0,0,0.257086,0.735133,-0.607857,-0.15491,-0.158319,0.262356,-0.473402,0.82583,-0.337223,0.846436,-0.170417,-0.375214,-0.516002,0.783365,0.31898,-0.135396,-0.214509,0.60211,0.689516,-0.340612,-0.358378,0.933283,-0.011803,-0.0202339,-0.180595,0.861549,-0.444402,0.16621,-0.0343967,0.852661,-0.513178,0.0918363,-0.14743,-0.687328,0.711144,0.0109176,0.0868552,-0.462221,-0.0037906,0.882493,-0.0460025,-0.492416,0.046286,0.86791,0,0,0,0,-0.256734,0.562869,0.71387,-0.328109,0.0048238,0.886014,0.0773594,0.457133,0.127852,0.506206,0.112006,0.845496,0,0,0,0,-0.331301,0.00425588,0.937434,-0.106951,0,0,0,0,0,0,0,0,0,0,0,0,0,0,0,0,
-0.291529,-0.00659794,0.952031,-0.0927628,-0.298012,-0.00596549,0.950021,-0.0928056,-0.301897,0.00804694,0.945291,-0.123362,0,0,0,0,0.256907,0.728617,-0.618079,-0.145243,0.166058,-0.498296,0.00320634,0.85095,0.765163,-0.576239,0.0355219,0.284978,-0.51337,0.765456,0.378681,-0.0844337,-0.176053,0.623832,0.698468,-0.303286,-0.367732,0.929421,-0.00529266,-0.0303544,-0.151554,0.849995,-0.456052,0.215767,-0.0427246,0.857895,-0.486425,0.159943,-0.140441,-0.686228,0.713663,0.00726696,0.086978,-0.469143,-0.00246641,0.878825,-0.0474142,-0.512154,0.0451418,0.856395,0,0,0,0,-0.252986,0.564383,0.716635,-0.32234,0.00361537,0.882136,0.0745158,0.465048,0.127819,0.502814,0.111989,0.847525,0,0,0,0,-0.303505,0.00074535,0.947035,-0.104923,0,0,0,0,0,0,0,0,0,0,0,0,0,0,0,0,
